affected,end_date,deaths,lon,damage,lat,start_date
0,10/06/1954,2000,69.1666984,0,34.5358547,10/06/1954
2000,10/06/1956,100,69.2517508,25000,34.5487781,10/06/1956
35,02/02/1984,1,69.85136899999999,5000,34.5007589,02/02/1984
7000,31/01/1991,130,70.5679107,0,34.5043728,31/01/1991
0,20/05/1992,14,69.19851489999999,0,34.53980689999999,20/05/1992
0,25/02/2001,0,70.4424473,0,37.5462854,25/02/2001
270,01/06/2001,4,69.23363239999999,0,35.1213982,01/06/2001
1040,18/07/2004,2,69.22573179999999,0,33.5983363,18/07/2004
0,08/10/2005,1,69.75923,50,34.5916122,08/10/2005
935,29/07/2006,1,76.9695765,0,29.3843533,29/07/2006
3309,16/04/2009,22,62.2182326,0,34.3632671,16/04/2009
237,11/06/2012,73,69.1442424,0,34.5837224,11/06/2012
3531,24/04/2013,18,69.00649489999999,0,33.9622314,24/04/2013
92725,26/10/2015,115,70.4424473,0,37.5462854,26/10/2015
134,30/11/1967,11,19.790867,0,41.3741437,30/11/1967
350,15/04/1979,35,19.8077044,0,41.3303496,15/04/1979
5005,16/11/1982,1,19.7989101,0,41.3257079,16/11/1982
690,09/01/1988,0,19.8812117,0,41.2849868,09/01/1988
2100,30/09/1998,0,20.4156148,0,42.015774,30/09/1998
150,07/09/2009,0,20.428656,0,41.6849747,07/09/2009
0,24/06/1910,12,5.071153799999999,0,36.7584519,24/06/1910
0,12/02/1946,276,6.5683297,0,36.2448413,12/02/1946
930317,10/10/1980,2633,1.3547607,5200000,36.1584495,10/10/1980
12184,29/10/1989,22,3.0391654,0,36.744352,29/10/1989
2250,19/01/1992,0,7.4198846,0,36.4738965,19/01/1992
12789,18/08/1994,171,0.1414316,0,35.4284358,18/08/1994
210261,21/05/2003,2266,5.1440129,5000000,36.3102795,21/05/2003
300,10/01/2004,0,3.0896085,0,36.7231452,10/01/2004
15,01/12/2004,0,3.8220426,0,36.5354429,01/12/2004
319,20/03/2006,4,3.0537321,0,36.7423136,20/03/2006
420,01/08/2014,6,3.0896085,0,36.7231452,01/08/2014
0,03/06/1985,0,-124.1076812,0,40.8681259,03/06/1985
2500,29/09/2009,34,-170.711389,0,-14.331389,29/09/2009
155000,15/01/1944,10000,-57.5519208,0,-37.9778284,15/01/1944
5000,18/12/1949,0,-57.5671014,0,-37.9699711,18/12/1949
40100,23/11/1977,70,-64.2064994,80000,-31.3856238,23/11/1977
45238,26/01/1985,6,-58.74616400000001,0,-34.3796456,26/01/1985
727,28/05/2002,0,-66.9476782,0,-28.8394041,28/05/2002
15000,18/07/1997,0,44.9965487,33333,41.1707349,18/07/1997
4290,14/10/1968,0,115.9359712,2600,-32.0213675,14/10/1968
0,/06/1979,0,115.9380901,7075,-32.0722537,/06/1979
2115,28/12/1989,12,151.7338892,1000000,-32.918431,28/12/1989
5025,06/08/1994,0,151.3560185,0,-32.840719,06/08/1994
0,12/04/1998,0,13.6992428,0,46.5708504,12/04/1998
700010,09/07/1998,1,48.8474941,0,38.7661591,09/07/1998
9170,04/06/1999,1,47.4599826,5000,40.652505,04/06/1999
3294,25/11/2000,31,49.7967066,10000,40.4296192,25/11/2000
15550,07/05/2012,0,46.4251837,0,41.7046241,07/05/2012
6949,18/05/2012,0,46.9333866,0,41.5434062,18/05/2012
100,06/02/1988,2,91.86624619999999,0,24.9086127,06/02/1988
200,22/11/1997,23,91.8124369,0,22.3950583,22/11/1997
2525,26/07/2003,2,91.8124369,0,22.3950583,26/07/2003
0,26/12/2004,2,90.35654269999999,500000,22.7076146,26/12/2004
200,25/04/2015,4,90.3697558,0,23.7808291,25/04/2015
70,03/01/2016,5,90.36296589999999,0,23.795222,03/01/2016
1,29/11/2007,0,-59.6181339,0,13.1041276,29/11/2007
1030,08/11/1983,2,5.5794896,50000,50.6338973,08/11/1983
0,13/04/1992,0,4.3639297,100000,51.1522562,13/04/1992
12,21/09/2009,11,91.2147696,0,27.6008446,21/09/2009
20016,18/09/2011,1,91.40103119999999,0,27.2640446,18/09/2011
23000,30/11/1986,1,-35.2403273,5000,-5.8261758,30/11/1986
286,09/12/2007,1,-45.8474644,0,-23.1803316,09/12/2007
0,14/04/1928,107,26.9178748,0,43.2812272,14/04/1928
165,04/03/1977,20,25.9584121,0,43.839762,04/03/1977
3060,07/12/1986,3,23.3053235,0,42.72458109999999,07/12/1986
0,30/05/1990,1,25.6267167,0,43.0787142,30/05/1990
210,22/05/2012,0,23.0432673,0,42.6149742,22/05/2012
0,18/11/1928,27,-55.7759905,0,47.09471930000001,18/11/1928
0,16/08/1906,20000,-71.62201,100000,-33.0519512,16/08/1906
0,//1922,1000,-71.62201,0,-33.0519512,//1922
0,11/11/1922,100,-70.63091179999999,0,-33.4533068,11/11/1922
0,//1928,220,-71.6466863,0,-35.42452919999999,//1928
58500,24/01/1939,30000,-72.0923924,920000,-36.6085322,24/01/1939
16,/09/1942,5,-71.62201,28000,-33.0519512,/09/1942
35,/04/1943,12,-71.62201,100000,-33.0519512,/04/1943
0,/08/1946,0,-71.62201,0,-33.0519512,/08/1946
155,20/04/1949,35,-71.5273413,39000,-32.9302968,20/04/1949
18,/12/1949,6,-71.62201,5200,-33.0519512,/12/1949
40,06/05/1953,12,-70.9894575,500000,-34.5955226,06/05/1953
15,/12/1953,3,-71.62201,7310,-33.0519512,/12/1953
35,/09/1958,0,-71.62201,10100,-33.0519512,/09/1958
0,//1960,570,-71.62201,0,-33.0519512,//1960
2003000,21/05/1960,6000,-72.9246172,550000,-41.46556090000001,21/05/1960
460,/03/1963,280,-71.62201,235000,-33.0519512,/03/1963
20350,28/03/1965,400,-70.63091179999999,125000,-33.4533068,28/03/1965
2348973,08/07/1971,85,-71.62201,236400,-33.0519512,08/07/1971
1524,/10/1983,4,-69.2877535,0,-23.8369104,/10/1983
1482275,03/03/1985,180,-71.62201,1500000,-33.0519512,03/03/1985
5112,08/08/1987,5,-71.52987949999999,1000,-32.9838586,08/08/1987
1833,30/07/1995,3,-72.3734563,1660,-37.4720462,30/07/1995
53098,14/10/1997,8,-71.5418053,48000,-33.0398433,14/10/1997
27645,13/06/2005,11,-70.6407933,5000,-33.5780095,13/06/2005
0,21/04/2007,10,-71.22524709999999,0,-34.9727575,21/04/2007
25155,14/11/2007,2,-71.1970463,100000,-30.5993264,14/11/2007
2671556,27/02/2010,562,-72.0473137,30000000,-36.1833319,27/02/2010
24297,25/03/2012,1,-71.8213981,100000,-36.1545708,25/03/2012
513387,01/04/2014,6,-70.2823688,100000,-18.4448347,01/04/2014
681499,16/09/2015,19,-72.92873569999999,800000,-41.4656435,16/09/2015
0,17/03/1906,1266,121.4007099,0,31.2075723,17/03/1906
0,21/10/1907,12000,119.940524,0,31.825516,21/10/1907
0,30/07/1917,1800,-69.4415812,0,44.53182169999999,30/07/1917
0,13/02/1918,10000,121.195844,0,36.74825999999999,13/02/1918
0,16/12/1920,180000,105.9744856,0,34.54589,16/12/1920
0,24/03/1923,5000,-69.4415812,0,44.53182169999999,24/03/1923
0,25/05/1923,2200,-69.4415812,0,44.53182169999999,25/05/1923
0,16/03/1925,5000,120.312235,0,36.068854,16/03/1925
0,22/05/1927,200000,112.401602,0,34.653862,22/05/1927
0,26/12/1932,70000,105.9744856,0,34.54589,26/12/1932
0,25/09/1933,10000,-69.4415812,0,44.53182169999999,25/09/1933
0,03/01/1942,30,113.2600937,0,23.1465848,03/01/1942
300,//1954,50,103.6355621,0,36.0870474,//1954
113,14/04/1955,39,121.455301,0,31.237046,14/04/1955
0,/09/1959,47,-69.4415812,0,44.53182169999999,/09/1959
0,09/03/1966,0,116.3692169,0,39.0033323,09/03/1966
0,25/07/1969,3000,117.7046438,0,39.025976,25/07/1969
0,/01/1970,10000,100.2653229,0,25.6069511,/01/1970
0,/05/1974,20000,120.312235,0,36.068854,/05/1974
0,04/02/1975,10000,121.7592654,0,39.0476171,04/02/1975
164000,27/07/1976,242000,121.629256,5600000,38.912004,27/07/1976
0,16/08/1976,0,104.0831099,0,30.7557697,16/08/1976
2000,09/07/1979,41,123.5154083,0,42.0536939,09/07/1979
2104,27/08/1979,0,114.099087,0,22.553106,27/08/1979
25850,24/01/1981,150,104.0831099,0,30.7557697,24/01/1981
5,15/06/1982,10,100.2948297,0,29.0357279,15/06/1982
18700,06/11/1983,34,121.5899522,0,31.2739202,06/11/1983
300,18/04/1985,22,100.2653229,0,25.6069511,18/04/1985
120,29/03/1985,1,105.4240357,0,29.3858639,29/03/1985
2085,24/01/1987,0,120.350606,0,31.538282,24/01/1987
185084,02/08/1987,0,115.7625341,0,24.9311681,02/08/1987
7000,09/09/1987,0,115.7854,0,25.5997385,09/09/1987
50060,04/01/1988,0,106.3086736,0,38.50029980000001,04/01/1988
1270364,06/11/1988,939,123.398984,269000,41.839487,06/11/1988
26591,07/05/1989,1,99.40617019999999,54000,23.5379333,07/05/1989
52800,20/11/1989,4,118.7135744,0,32.157778,20/11/1989
21404,22/09/1989,0,104.0831099,0,30.7557697,22/09/1989
30016,20/10/1990,1,103.38808,0,23.365821,20/10/1990
34319,26/04/1990,126,94.90110430000001,58350,36.387695,26/04/1990
42808,25/02/1991,0,79.043191,0,40.508113,25/02/1991
240542,26/03/1991,1,120.32775,0,31.519685,26/03/1991
16000,31/07/1992,0,91.1655268,3150,29.6632159,31/07/1992
142146,27/01/1993,0,100.2653229,0,25.6069511,27/01/1993
504,30/11/1993,0,121.493117,0,31.189177,30/11/1993
500,15/09/1994,1,117.6475855,0,39.0250368,15/09/1994
5860,31/12/1994,0,117.2915564,0,31.7423664,31/12/1994
285,03/01/1994,0,100.614184,0,36.283473,03/01/1994
20297,24/10/1995,46,100.2653229,80000,25.6069511,24/10/1995
5060,21/07/1995,14,87.3072454,0,44.0240521,21/07/1995
5077795,03/02/1996,309,117.237435,506000,39.082847,03/02/1996
200300,03/05/1996,18,106.738732,0,26.560403,03/05/1996
33128,19/03/1996,26,117.963926,24000,28.441904,19/03/1996
137,25/09/1996,0,113.115801,0,28.182705,25/09/1996
155040,21/01/1997,12,87.591517,0,43.818162,21/01/1997
500089,06/04/1997,9,77.1590363,0,38.0731842,06/04/1997
20006,01/03/1997,2,120.605161,0,31.311296,01/03/1997
100089,11/04/1997,9,120.605161,0,31.311296,11/04/1997
598000,10/01/1998,49,116.3692169,285500,39.0033323,10/01/1998
337443,19/11/1998,3,113.56774,70000,24.997659,19/11/1998
107084,01/12/1998,0,120.312235,22600,36.068854,01/12/1998
2000,19/03/1998,0,87.620949,0,43.785214,19/03/1998
25028,28/05/1998,0,123.956151,0,47.3645,28/05/1998
111862,27/08/1998,3,120.605161,0,31.311296,27/08/1998
3528,26/10/1998,0,120.309272,0,36.069783,26/10/1998
16003,11/03/1999,0,120.4491252,0,31.2775101,11/03/1999
3020004,01/11/1999,0,112.567062,44000,37.834171,01/11/1999
1855007,14/01/2000,7,108.9156622,73500,34.2370335,14/01/2000
10302,26/01/2000,1,123.3944323,483,41.7855983,26/01/2000
62030,11/01/2000,0,123.2933288,0,40.2810808,11/01/2000
100,06/06/2000,0,103.828513,0,36.058427,06/06/2000
177611,21/08/2000,1,102.3973437,43000,25.5088582,21/08/2000
300109,23/02/2001,3,90.7367775,24000,29.3507321,23/02/2001
150190,12/04/2001,2,123.3784709,31000,41.825524,12/04/2001
25000,14/07/2001,0,117.5680381,0,32.8714304,14/07/2001
17220,27/10/2001,1,117.7061971,0,39.0034995,27/10/2001
65500,14/12/2002,2,103.6245675,0,36.0985623,14/12/2002
517000,24/02/2003,268,76.744314,157000,39.458023,24/02/2003
8003,04/05/2003,1,78.551582,0,39.78305539999999,04/05/2003
1295584,21/07/2003,16,101.099695,75000,25.857958,21/07/2003
455500,16/08/2003,4,103.798803,167000,25.501564,16/08/2003
60056,16/10/2003,3,101.099695,60000,25.857958,16/10/2003
275043,25/10/2003,9,125.8390778,40000,44.1512556,25/10/2003
23369,13/11/2003,1,121.6931379,0,31.1965619,13/11/2003
6018,01/12/2003,11,80.71487599999999,1933,43.008275,01/12/2003
100012,18/10/2004,0,121.4788298,0,31.2505922,18/10/2004
22019,07/09/2004,0,103.616338,0,36.1097219,07/09/2004
4199,04/05/2004,0,97.35640389999999,0,37.3695268,04/05/2004
615500,26/11/2005,16,116.1249129,0,29.6212874,26/11/2005
18509,05/08/2005,0,103.294223,0,26.40961,05/08/2005
68761,12/01/2006,0,121.4601533,6900,31.0727626,12/01/2006
265106,22/07/2006,22,114.1758148,0,35.2908092,22/07/2006
130,20/06/2006,0,120.3197493,0,30.4382761,20/06/2006
20000,27/10/2006,0,114.2165516,0,30.77391,27/10/2006
12000,03/11/2006,0,118.8859987,291,42.2519542,03/11/2006
329,02/06/2007,3,120.3873656,342000,30.2980207,02/06/2007
45976596,12/05/2008,87476,103.5838828,85000000,31.4809652,12/05/2008
13529,05/08/2008,4,123.4441471,0,41.8148299,05/08/2008
160,21/08/2008,6,97.926059,0,24.706514,21/08/2008
1000589,30/08/2008,40,121.5805461,492000,31.1139695,30/08/2008
754,06/10/2008,30,118.846973,0,31.95537299999999,06/10/2008
27169,25/12/2008,0,103.1008504,0,25.2623344,25/12/2008
351000,25/05/2008,8,104.0831099,0,30.7557697,25/05/2008
65336,09/07/2009,1,116.9388711,315000,38.7276435,09/07/2009
10515,30/01/2010,1,105.6906145,4400,30.2804137,30/01/2010
50011,25/02/2010,0,122.120469,0,37.5064558,25/02/2010
112000,14/04/2010,2968,121.6095456,500000,31.2755747,14/04/2010
9,17/01/2010,8,106.6878517,0,26.5564476,17/01/2010
5014,29/08/2010,0,123.4037394,0,41.789883,29/08/2010
64501,01/02/2011,0,104.111321,0,30.745831,01/02/2011
5440,10/03/2011,25,104.111321,290000,30.745831,10/03/2011
9508,24/03/2011,0,103.1008504,0,25.2623344,24/03/2011
5136,18/09/2011,7,87.63651899999999,0,29.0857603,18/09/2011
258,08/06/2011,0,88.337482,0,43.326262,08/06/2011
143000,01/11/2011,0,84.86217300000001,56400,44.327334,01/11/2011
1616,11/08/2011,0,108.908898,0,34.22095000000001,11/08/2011
744821,07/09/2012,81,103.140972,1000000,24.91469,07/09/2012
2610,20/07/2012,1,118.76851,0,32.057366,20/07/2012
427740,03/03/2013,0,99.9293,56000,25.9952671,03/03/2013
2198785,20/04/2013,198,123.4244678,6800000,41.8204788,20/04/2013
123887,22/07/2013,95,102.8683452,1000000,34.9457299,22/07/2013
58300,23/11/2013,0,123.9967887,0,44.1774285,22/11/2013
90500,16/12/2013,0,110.4313947,6300,31.1705918,16/12/2013
80555,17/04/2013,0,114.410277,38000,23.063368,17/04/2013
2000,01/12/2013,0,79.30993749999999,0,40.4892803,01/12/2013
450000,12/02/2014,0,117.701033,174000,39.761725,12/02/2014
225015,24/05/2014,0,97.926059,60000,24.706514,24/05/2014
184723,30/05/2014,0,97.926059,0,24.706514,30/05/2014
1120513,03/08/2014,731,113.278886,5000000,23.1446222,03/08/2014
255324,07/10/2014,1,123.2937214,274000,41.8032089,07/10/2014
82355,22/11/2014,5,104.0831099,50000,30.7557697,22/11/2014
2022,06/12/2014,1,117.38587,0,39.319146,06/12/2014
8640,22/02/2015,0,114.1461649,14650,22.5780288,22/02/2015
2032,01/03/2015,0,98.9151672,15000,23.993757,01/03/2015
207883,25/04/2015,29,88.8848651,0,29.2581342,25/04/2015
0,12/05/2015,1,88.8848651,0,29.2581342,12/05/2015
0,31/01/1906,400,-78.7687792,0,1.8215588,31/01/1906
40000,09/07/1950,150,-73.1230616,0,7.1341963,09/07/1950
0,/07/1962,112,-76.5357219,0,3.2678043,/07/1962
40200,09/02/1967,61,-75.2939897,600,2.9336211,09/02/1967
3006,25/09/1970,0,-75.67962,400,4.81263,25/09/1970
0,/11/1970,430,-76.5357219,0,3.2678043,/11/1970
11042,12/12/1979,579,-77.2860673,8000,1.2014556,12/12/1979
36200,31/03/1983,250,-76.6017593,410900,2.442329,31/03/1983
867,19/11/1991,2,-76.9861825,0,3.8671896,19/11/1991
1635,17/10/1992,11,-76.5357219,0,3.2678043,17/10/1992
3071,22/07/1993,2,-70.7587034,0,7.0673184,22/07/1993
37416,06/06/1994,271,-76.37338729999999,2400,3.0502298,06/06/1994
2845,19/01/1995,7,-74.41803999999999,0,5.9836,19/01/1995
15097,08/02/1995,40,-75.67962,0,4.81263,08/02/1995
259,04/03/1995,8,-74.05816,0,4.850159,04/03/1995
1205933,25/01/1999,1186,-75.66445999999999,1857366,4.543399,25/01/1999
502,18/08/2004,1,-76.6017593,0,2.4423291,18/08/2004
175,10/09/2007,0,-78.1106746,0,2.4770279,10/09/2007
1754,24/05/2008,11,-73.8717379,10000,4.3319034,24/05/2008
10015,09/02/2013,0,-74.82718299999999,4000,4.3970793,09/02/2013
41236,10/03/2015,0,-74.0753585,0,4.586732,10/03/2015
0,13/04/1910,1750,-83.93585829999999,0,9.884379899999999,13/04/1910
475,02/04/1983,10,-84.05692359999999,1000,9.9389028,02/04/1983
5060,03/07/1983,2,-83.97027690000002,0,9.9057271,03/07/1983
14299,22/12/1990,1,-84.2138386,19500,10.0010716,22/12/1990
310,25/03/1990,0,-83.4602997,0,8.9567239,25/03/1990
10419,22/04/1991,47,-82.8531955,100000,9.625727099999999,22/04/1991
150,09/08/1991,0,-84.0792946,0,9.9356473,09/08/1991
0,04/05/1991,0,-83.7749012,0,10.2125659,04/05/1991
240,10/07/1993,3,-83.93585829999999,0,9.884379899999999,10/07/1993
135,25/12/2003,2,-82.9019308,0,8.6044552,25/12/2003
280,20/11/2004,8,-83.97027690000002,0,9.9057271,20/11/2004
128618,08/01/2009,31,-84.2138386,200000,10.0010716,08/01/2009
762,05/09/2012,2,-84.958445,45000,10.280573,05/09/2012
2000,05/09/1996,0,17.6969398,0,42.8385587,05/09/1996
5869,25/05/1992,0,-76.6480219,0,20.3883565,25/05/1992
100,10/09/1953,40,-81.69376419999999,0,33.6185944,10/09/1953
1865,23/02/1995,2,32.4273384,4340,34.7607767,23/02/1995
100,21/11/2004,0,-61.30087849999999,0,15.5460663,21/11/2004
0,/08/1946,73,-69.9011179,0,18.5285881,/08/1946
0,31/01/1906,0,-79.89551809999999,0,-2.215714,31/01/1906
0,03/03/1924,40,-79.88579790000001,0,-2.2036911,03/03/1924
0,14/05/1942,200,-79.9234335,0,-2.1694384,14/05/1942
100000,05/08/1949,6000,-78.54456689999999,20000,-0.2422432,05/08/1949
88112,09/12/1970,29,-79.2042882,4000,-4.0355957,09/12/1970
0,09/04/1976,10,-80.23009069999999,4000,-1.8139849,09/04/1976
20000,04/10/1976,10,-78.51191039999999,0,-0.2152248,04/10/1976
40,18/08/1980,8,-79.887332,0,-2.2796243,18/08/1980
150000,05/03/1987,5000,-78.51042249999999,1500000,-0.2129938,05/03/1987
6,22/09/1987,2,-78.5170722,0,-0.224264,22/09/1987
6510,11/08/1990,4,-78.5808787,0,-0.2844431,11/08/1990
85,26/03/1995,1,-78.52999849999999,0,-0.2516833,26/03/1995
805,02/10/1995,2,-78.0670993,0,-1.4959692,02/10/1995
30705,28/03/1996,27,-78.52288700000001,7000,-0.2600718,28/03/1996
2040,04/08/1998,3,-79.20971709999999,0,-3.9717045,04/08/1998
18,13/08/2014,3,-78.5808787,0,-0.2844431,13/08/2014
147,18/05/2016,1,-79.7068357,0,0.9009003999999999,18/05/2016
0,26/06/1926,12,31.3248801,0,30.1210524,26/06/1926
28,12/09/1955,20,30.0033766,0,31.2487294,12/09/1955
92649,12/10/1992,552,31.32830319999999,1200000,30.0907355,12/10/1992
69,22/11/1995,10,31.4649445,0,30.0322947,22/11/1995
250,24/08/2002,0,31.4649445,0,30.0322947,24/08/2002
0,02/01/1902,185,-89.55199239999999,0,13.5132038,02/01/1902
0,19/06/1906,0,-89.19916119999999,0,13.6928799,19/06/1906
0,06/05/1951,1000,-88.1605467,23000,13.4809723,06/05/1951
139720,03/05/1965,125,-89.19916119999999,35000,13.6928799,03/05/1965
32500,19/06/1982,20,-89.55199239999999,0,13.5132038,19/06/1982
770000,10/10/1986,1100,-89.19916119999999,1500000,13.6928799,10/10/1986
1334529,13/01/2001,844,-89.2083626,1500000,13.7110628,13/01/2001
256021,13/02/2001,315,-89.1464953,348500,13.6879493,13/02/2001
751,05/05/2005,1,-89.7443199,0,13.8459009,05/05/2005
16470,17/12/2006,0,-89.1982421,0,13.7184076,17/12/2006
0,25/08/1906,0,39.9041603,6750,10.0180847,25/08/1906
0,27/02/1913,0,38.8267667,0,9.0345722,27/02/1913
0,13/02/1927,0,39.5806772,0,11.7720669,13/02/1927
0,/06/1961,0,39.5806772,0,11.7720669,/06/1961
585,29/03/1969,24,35.5680388,320,8.342494499999999,29/03/1969
0,03/03/1990,0,177.255102,0,-17.653907,03/03/1990
0,23/06/1990,0,-95.2415582,0,38.95559540000001,23/06/1990
0,11/06/1909,46,5.3469459,0,43.6636384,11/06/1909
2,16/10/1979,11,5.7475882,0,43.1908744,16/10/1979
19156,25/04/2002,6,44.8159465,350000,41.797063,25/04/2002
1525,13/04/1992,1,6.938676699999999,50000,50.929013,13/04/1992
150,05/12/2004,0,12.378088,12000,49.7208298,05/12/2004
0,22/06/1939,17,-0.2602285,0,5.561689400000001,22/06/1939
0,//1928,103,24.0633627,0,38.1615297,//1928
0,12/08/1953,455,20.8663516,100000,37.8172022,12/08/1953
200,30/04/1954,31,-77.73200299999999,0,43.2972246,30/04/1954
100,09/07/1956,53,23.7141196,0,38.0397842,09/07/1956
30253,09/03/1965,38,24.0633627,8000,38.1615297,09/03/1965
11050,05/02/1966,1,21.793472,4000,38.915029,05/02/1966
15123,01/09/1966,1,24.0633627,14000,38.1615297,01/09/1966
16583,/05/1967,9,-77.772964,5000,43.168696,/05/1967
7618,20/02/1968,19,25.2335406,600,39.9235585,20/02/1968
600100,20/06/1978,50,23.6823974,250000,37.95565,20/06/1978
17,12/07/1980,1,22.9301956,0,39.3739712,12/07/1980
186,31/08/1985,0,20.7476584,0,38.9609397,31/08/1985
45300,13/09/1986,20,21.7639226,745000,39.5547323,13/09/1986
25,16/10/1988,0,20.7957387,0,38.0663046,16/10/1988
60,21/12/1990,1,22.4206521,0,40.8750688,21/12/1990
1,16/06/1990,0,21.6481861,0,39.762764,16/06/1990
605,14/07/1993,0,25.1447039,0,35.3170112,14/07/1993
15060,13/05/1995,26,21.7879744,450000,40.3435585,13/05/1995
1500,06/08/1996,0,20.7451794,0,40.0364611,06/08/1996
115139,07/09/1999,143,23.78657,4200000,38.120638,07/09/1999
600,26/05/2000,0,23.806908,0,35.53366,26/05/2000
300,26/07/2001,0,24.485048,0,38.965621,26/07/2001
50,14/08/2003,0,20.7139496,0,38.71105290000001,14/08/2003
2023,03/02/2014,0,20.7957387,178000,38.0663046,26/01/2014
75002,24/05/2014,3,20.9019978,450000,37.7429399,24/05/2014
153,21/11/2004,1,-61.73032959999999,0,15.992573,21/11/2004
0,18/04/1902,2000,-91.5079724,0,14.8368485,18/04/1902
0,29/12/1917,2650,-90.5154638,0,14.6518608,29/12/1917
4993000,04/02/1976,23000,-90.5154638,1000000,14.6518608,04/02/1976
2040,09/10/1979,0,-90.4106901,0,14.3328593,09/10/1979
0,//1982,20,-90.35608119999999,5000,14.0562277,//1982
5000,11/10/1985,0,-90.2825617,0,14.4094229,11/10/1985
2500,03/02/1986,0,-91.9330258,0,15.164274,03/02/1986
500,03/11/1988,5,-90.5154638,0,14.6518608,03/11/1988
1550,15/10/1988,0,-91.13530200000001,0,14.7493243,15/10/1988
23890,18/09/1991,14,-90.77464429999999,0,14.2724013,18/09/1991
280,11/07/1999,2,-88.0458112,0,15.4907944,11/07/1999
152,13/01/2001,6,-89.8946119,50,14.2887621,13/01/2001
1321742,07/11/2012,44,-90.7238825,210000,15.6096454,07/11/2012
572,07/09/2013,1,-92.1414478,0,14.6804377,07/09/2013
94783,07/07/2014,1,-91.5382465,0,15.1507939,07/07/2014
3700000,12/01/2010,222570,-72.3540644,8000000,18.5327562,12/01/2010
0,26/12/1915,0,-87.1929665,0,14.0938321,26/12/1915
0,09/08/1980,2,-86.0073558,0,15.6573952,09/08/1980
50136,28/05/2009,7,-86.7969244,100000,15.7762238,28/05/2009
1800,23/04/2013,0,20.52053,0,47.5063719,14/04/2013
0,05/04/1905,20000,75.8572758,0,30.900965,05/04/1905
0,15/01/1934,6000,85.055908,0,25.607411,15/01/1934
0,/11/1946,400,72.5167045,0,23.0020117,/11/1946
0,15/08/1950,1500,92.7954106,0,24.8099831,15/08/1950
219,21/07/1956,113,70.0362648,0,23.1192878,21/07/1956
52272,11/12/1967,177,72.8776559,400,19.0759837,11/12/1967
0,//1970,26,72.5167045,0,23.0020117,//1970
0,//1972,100,72.5167045,0,23.0020117,//1972
0,19/01/1975,47,76.9513432,0,30.8431882,19/01/1975
0,/07/1979,0,74.4549528,0,34.292838,/07/1979
40,24/08/1980,13,74.82899789999999,0,32.769996,24/08/1980
8,20/11/1980,0,88.59564429999999,0,27.2810009,20/11/1980
0,//1981,212,72.5167045,0,23.0020117,//1981
10900,31/12/1984,20,92.7954106,0,24.8099831,31/12/1984
30,26/04/1986,6,77.41953099999999,5000,28.65092599999999,26/04/1986
12,06/08/1988,2,72.8527263,1000,19.026602,06/08/1988
20003766,21/08/1988,382,85.8897856,71500,26.1663076,21/08/1988
54383,20/10/1991,1500,72.8018561,60000,18.9529556,20/10/1991
30000,29/09/1993,9748,77.57714109999999,280000,12.9730373,29/09/1993
525,12/11/1993,0,76.50952459999999,0,18.3988379,12/11/1993
156500,22/05/1997,43,79.9513114,37000,23.2191762,22/05/1997
477894,28/03/1999,100,78.0383901,2000,30.278245,28/03/1999
6321812,26/01/2001,20005,72.5167045,2623000,23.0020117,26/01/2001
200,13/09/2002,2,88.366475,0,22.541386,13/09/2002
654512,26/12/2004,16389,79.7006895,1022800,12.8199023,26/12/2004
575200,18/09/2011,112,88.59564429999999,0,27.2810009,18/09/2011
560,25/04/2015,78,84.0180642,0,27.2590444,25/04/2015
0,12/05/2015,20,85.055908,0,25.607411,12/05/2015
10808,03/01/2016,8,91.7653347,0,26.1642625,03/01/2016
20,26/06/1914,20,102.8841832,0,-3.7863909,26/06/1914
0,21/01/1917,15000,115.1767695,0,-8.709959,21/01/1917
11250,02/12/1924,727,109.9904113,0,-7.680625099999999,02/12/1924
50,01/12/1927,50,106.9101263,0,-6.1435416,01/12/1927
0,04/08/1928,128,124.8298654,0,1.44951,04/08/1928
3075,14/05/1932,6,106.5988421,0,-6.215939300000001,14/05/1932
0,09/09/1936,17,98.6605771,0,3.6047289,09/09/1936
20,23/08/1936,9,95.31802499999999,0,5.5413235,23/08/1936
16096,23/07/1943,213,110.3806102,0,-7.8136052,23/07/1943
0,20/10/1958,8,112.6199246,0,-7.993379999999999,20/10/1958
0,/01/1965,40,99.089536,0,2.928373,/01/1965
0,/02/1965,71,99.089536,0,2.928373,/02/1965
100,11/04/1967,71,119.007941,0,-3.4809926,11/04/1967
8411,19/02/1967,54,112.6199246,0,-7.993379999999999,19/02/1967
0,15/08/1968,200,119.8656099,0,-0.6914002,15/08/1968
97,23/02/1969,64,118.9713221,0,-3.542499,23/02/1969
454755,14/07/1976,573,115.1767695,195000,-8.709959,14/07/1976
7000,29/10/1976,133,107.1055319,0,-6.3052078,29/10/1976
3975,19/08/1977,185,107.08913,1200,-6.307441,19/08/1977
25,27/08/1977,2,106.8648634,0,-6.2945042,27/08/1977
36048,30/05/1979,34,116.08307,4150,-8.363302,30/05/1979
5005,12/09/1979,2,106.6964921,0,-6.3119915,12/09/1979
43200,02/11/1979,26,106.8060388,16000,-6.597146899999999,02/11/1979
1500,15/12/1979,5,98.6916832,0,3.595717099999999,15/12/1979
619,18/12/1979,32,115.1767695,0,-8.709959,18/12/1979
20000,05/09/1980,0,106.5987001,0,-6.208443700000001,05/09/1980
0,16/04/1980,0,107.0590069,0,-6.246845,16/04/1980
2682,22/01/1981,306,110.7904367,0,-7.5564389,22/01/1981
15000,24/02/1982,0,106.841468,3500,-6.2050919,24/02/1982
8817,25/12/1982,13,122.9295173,1450,-8.3250926,25/12/1982
100,03/04/1983,0,95.31802499999999,1000,5.5413235,03/04/1983
89,10/01/1984,2,118.890143,0,-2.674521,10/01/1984
1858,27/08/1984,0,99.12463,1000,1.77117,27/08/1984
7,15/09/1985,10,136.3768663,0,-3.799932,15/09/1985
15001,26/04/1987,2,98.9880319,0,1.9710106,26/04/1987
17100,26/11/1987,125,115.1932554,5000,-8.7797875,26/11/1987
5500,08/03/1989,0,106.722633,0,-6.356391599999999,08/03/1989
17196,01/08/1989,120,106.813005,0,-6.393765999999999,01/08/1989
197,14/07/1989,0,106.6133614,0,-6.1926514,14/07/1989
2172,15/11/1990,1,96.8658287,2100,4.4435107,15/11/1990
103,06/07/1990,0,106.760844,0,-6.299104,06/07/1990
16191,04/07/1991,28,124.5670367,18000,-8.2172324,04/07/1991
92103,12/12/1992,2500,122.2081124,100000,-8.618471699999999,12/12/1992
200040,21/01/1994,7,99.089536,0,2.928373,21/01/1994
49399,16/02/1994,207,104.0787299,170476,-5.03704,16/02/1994
8720,02/06/1994,239,114.2128178,2200,-8.4760748,02/06/1994
2437,09/10/1994,1,128.6503625,0,1.4517607,09/10/1994
67,20/11/1994,0,112.1779083,0,-8.1138428,20/11/1994
176,14/05/1995,15,106.6120674,0,-6.1925591,14/05/1995
1538,19/05/1995,0,106.8887016,0,-6.980687199999999,19/05/1995
90218,07/10/1995,84,111.1370075,0,-8.080174399999999,07/10/1995
13000,01/01/1996,9,119.8815445,1200,-0.92405,01/01/1996
25638,17/02/1996,166,106.8083769,4200,-6.172022999999999,17/02/1996
3105,28/09/1997,20,119.6381759,1100,-4.0058625,28/09/1997
6448,29/11/1998,33,127.8752683,200000,0.327046,29/11/1998
500,28/09/1998,1,112.628609,0,-8.016518,28/09/1998
16920,21/12/1999,5,107.23171,3900,-6.100829999999999,21/12/1999
52770,04/05/2000,45,123.483191,30000,-1.365629,04/05/2000
204714,04/06/2000,103,101.451179,41000,0.511617,04/06/2000
4124,12/07/2000,0,107.239599,2000,-6.294145,12/07/2000
5500,25/10/2000,0,106.0945499,0,-6.3238753,25/10/2000
3000,07/06/2000,1,102.9116918,0,-3.268881,07/06/2000
12512,28/06/2001,0,106.8060388,0,-6.597146899999999,28/06/2001
0,13/02/2001,0,102.2761217,0,-3.7929112,13/02/2001
2548,15/08/2002,0,120.225308,0,-4.2511188,15/08/2002
9082,10/10/2002,8,100.3560503,0,-0.9130303999999999,10/10/2002
2502,23/01/2003,0,118.445801,0,-8.545437,23/01/2003
247,27/05/2003,1,128.2919629,0,2.0473828,27/05/2003
30040,01/01/2004,1,106.8455727,12000,-6.3679742,01/01/2004
14072,05/02/2004,37,134.8963157,1000,-2.7958094,05/02/2004
507,16/02/2004,5,100.3667857,0,-0.8756314,16/02/2004
83381,11/11/2004,33,106.8862582,0,-6.100441099999999,11/11/2004
12833,26/11/2004,32,134.8963157,55000,-2.7958094,26/11/2004
532898,26/12/2004,165708,97.9129873,4451600,4.5575168,26/12/2004
684,23/01/2005,1,119.8815445,0,-0.92405,23/01/2005
105313,28/03/2005,915,96.04016,0,2.5918899,28/03/2005
1202,14/03/2006,3,111.98645,0,-7.996029999999998,14/03/2006
3177923,26/05/2006,5778,110.3625107,3100000,-7.7504152,26/05/2006
35543,17/07/2006,802,107.0590069,55000,-6.246845,17/07/2006
1200,17/12/2006,8,98.6802629,0,3.600269,17/12/2006
114,01/12/2006,1,98.698785,0,3.598432,01/12/2006
137660,06/03/2007,67,102.47895,200000,-0.3515499,06/03/2007
459567,12/09/2007,25,102.2761217,500000,-3.7929112,12/09/2007
469,09/09/2007,0,114.0149586,0,-7.7012284,09/09/2007
21800,25/11/2007,3,106.6217617,0,-6.219086099999999,25/11/2007
10077,16/11/2008,6,121.4156195,0,1.1687525,16/11/2008
4250,03/01/2009,5,134.045395,10000,-0.859028,03/01/2009
3049,11/02/2009,0,126.7253741,9000,3.9110615,11/02/2009
339792,02/09/2009,128,112.621789,160000,-7.958672899999999,02/09/2009
2501798,30/09/2009,1195,98.6326795,2200000,3.6103592,30/09/2009
1510,08/11/2009,2,118.7603169,2430,-8.463520899999999,08/11/2009
4600,16/06/2010,17,136.3348846,0,-1.8565266,16/06/2010
11864,25/10/2010,530,99.6052574,0,-2.079263000000001,25/10/2010
7883,18/08/2012,6,105.2545564,0,-5.418754499999999,18/08/2012
515,22/01/2013,1,95.31802499999999,0,5.5413235,22/01/2013
55935,02/07/2013,48,97.157815,130000,3.3288633,02/07/2013
2738,22/10/2013,1,95.31802499999999,0,5.5413235,22/10/2013
12247,24/09/2015,0,106.8709318,0,-6.3109063,24/09/2015
368,16/01/2016,0,112.1779083,0,-8.1138428,16/01/2016
3410,01/08/2016,0,118.445801,0,-8.545437,01/08/2016
152138,07/12/2016,100,96.2561762,0,5.231664299999999,07/12/2016
0,06/05/1930,2500,47.0571193,0,38.4703541,06/05/1930
984,16/08/1958,191,51.43510389999999,0,35.75888279999999,16/08/1958
0,/06/1961,60,47.0571193,0,38.4703541,/06/1961
103000,/09/1962,12000,50.06737769999999,30000,36.1840731,/09/1962
10000,30/07/1970,176,47.0571193,8000,38.4703541,30/07/1970
50,30/05/1987,2,51.43510389999999,0,35.75888279999999,30/05/1987
15015,24/12/2002,0,47.0536816,0,34.3137505,24/12/2002
500,27/07/1991,20,44.0142231,0,36.1746597,27/07/1991
0,08/09/1905,2500,16.1562401,0,39.4025614,08/09/1905
150000,28/12/1908,75000,15.553841,116000,38.1939046,28/12/1908
0,13/01/1915,29980,13.336042,60000,42.059895,13/01/1915
650,07/09/1920,0,9.967736900000002,0,44.2124972,07/09/1920
10000,23/07/1930,1883,12.684718,0,41.7018879,23/07/1930
55563,15/01/1968,224,12.8677254,250000,37.8091724,15/01/1968
4220,06/02/1971,22,9.2056282,41600,45.325606,06/02/1971
450,04/02/1972,1,13.56727,0,43.544303,04/02/1972
32000,09/09/1976,12,13.004007,0,46.111935,09/09/1976
900,16/04/1978,5,11.1925148,0,43.7928456,16/04/1978
5000,19/09/1979,5,12.6955334,0,42.0558714,19/09/1979
407700,23/11/1980,4689,14.778898,20000000,41.005344,23/11/1980
306,07/06/1981,0,12.6868876,0,41.864397,07/06/1981
0,14/02/1981,12,-120.671593,0,35.2696915,14/02/1981
1000,21/03/1982,0,14.778898,0,41.005344,21/03/1982
5000,17/10/1982,0,14.4072748,35000,40.9151142,17/10/1982
21030,19/09/1983,0,14.083435,0,40.83011,19/09/1983
4200,29/04/1984,0,8.9431233,0,39.9530357,29/04/1984
5083,07/05/1984,3,13.4013333,0,42.05108999999999,07/05/1984
302,20/10/1984,1,15.094573,0,37.578905,20/10/1984
16,06/05/1990,2,15.769808,0,40.5865377,06/05/1990
2700,13/12/1990,19,15.2689386,500000,37.0999511,13/12/1990
38100,03/10/1997,14,13.029402,4524900,41.300533,26/09/1997
905,03/04/1998,0,12.7809099,0,43.2197149,03/04/1998
1009,29/10/2002,0,15.1144862,0,37.6979295,29/10/2002
8533,31/10/2002,30,14.9647434,796000,41.6840763,31/10/2002
0,06/09/2002,2,13.4298645,500000,38.0577733,06/09/2002
232,11/04/2003,0,12.6188873,561352,41.7809007,11/04/2003
56000,06/04/2009,295,13.282818,2500000,42.326895,06/04/2009
11050,20/05/2012,7,11.2385383,15800000,44.8241552,20/05/2012
14350,29/05/2012,17,12.6324447,0,43.9865423,29/05/2012
4854,24/08/2016,296,12.5194079,0,41.9328501,24/08/2016
3027,26/10/2016,1,12.727938,0,42.755262,26/10/2016
22292,30/10/2016,0,12.5294311,0,41.8767013,30/10/2016
90000,14/01/1907,1200,-76.8063639,30000,17.9840578,14/01/1907
0,10/08/1901,18,140.965296,0,38.573425,10/08/1901
0,07/07/1907,41,139.8720034,0,37.6520965,07/07/1907
0,18/03/1914,94,140.4881388,0,39.1564048,18/03/1914
0,01/09/1923,2144,139.0665274,0,35.0934377,01/09/1923
0,07/03/1927,2925,139.6615164,40000,35.5826644,07/03/1927
0,25/11/1930,0,139.098903,0,34.9691367,25/11/1930
0,03/03/1933,3000,140.965296,0,38.573425,03/03/1933
0,10/09/1943,1083,133.3395298,0,35.4412317,10/09/1943
0,12/01/1945,1961,140.926282,0,38.283868,12/01/1945
0,28/06/1948,5131,136.2129528,1000000,36.06530559999999,28/06/1948
200,04/03/1952,30,141.3515712,0,43.0680138,04/03/1952
0,22/05/1960,138,141.4312233,140000,38.4342009,22/05/1960
35376,16/06/1964,25,139.0599998,800000,37.9167012,16/06/1964
217,14/01/1978,25,139.355057,0,34.7486342,14/01/1978
2500,12/06/1978,28,140.8683644,865000,38.26403210000001,12/06/1978
0,/06/1979,27,139.8421525,0,35.8190837,/06/1979
73,25/09/1980,2,139.7074392,0,35.6601304,25/09/1980
1100,21/03/1982,0,140.996406,0,43.1969862,21/03/1982
9,06/08/1984,0,130.7755365,0,32.7340001,06/08/1984
22652,17/12/1987,2,140.1179591,0,35.6092897,17/12/1987
10522,15/01/1993,2,144.3955504,358000,43.0096548,15/01/1993
285,28/12/1994,2,141.500758,170400,40.5203968,28/12/1994
541636,17/01/1995,5297,135.1907811,100000000,34.6916883,17/01/1995
1551,01/04/1995,0,139.0599998,0,37.9167012,01/04/1995
11261,24/03/2001,2,132.455323,500000,34.391594,24/03/2001
2303,26/05/2003,0,141.1448097,233000,39.70286919999999,26/05/2003
18191,25/07/2003,0,140.8683644,411000,38.26403210000001,25/07/2003
773,25/09/2003,2,141.352615,563000,43.067934,25/09/2003
3535,20/03/2005,1,130.3990407,400000,33.5896991,20/03/2005
895,19/04/2005,0,130.3990407,0,33.5896991,19/04/2005
41027,25/03/2007,1,135.5251369,250000,34.7632579,25/03/2007
201,15/04/2007,0,136.7148188,0,34.4880257,15/04/2007
448,13/06/2008,23,139.5384558,167000,35.5926103,13/06/2008
368820,11/03/2011,19846,140.996406,210000000,43.1969862,11/03/2011
132,07/04/2011,2,141.3058221,0,38.4316917,07/04/2011
8438,12/04/2013,0,135.1907811,0,34.6916883,12/04/2013
2657,22/11/2014,0,137.8582683,0,36.6890585,22/11/2014
120800,14/04/2016,9,130.7243536,0,32.8136026,14/04/2016
298432,16/04/2016,49,130.7243536,20000000,32.8136026,16/04/2016
493,21/10/2016,0,133.848106,0,35.4518469,21/10/2016
0,11/07/1927,242,35.9172126,0,31.9743183,11/07/1927
36626,23/05/2003,3,71.3230549,0,42.8797257,23/05/2003
0,24/05/1990,0,36.7312822,0,-1.2493664,24/05/1990
0,26/12/2004,1,39.7088843,100000,-4.0030243,26/12/2004
29832,12/09/2016,0,-118.3049844,21000,34.0612439,12/09/2016
86806,19/08/1992,54,73.0046212,130000,40.9489076,19/08/1992
3000,13/01/2008,0,72.78806089999999,0,40.5353576,13/01/2008
0,19/07/2011,0,71.7310615,0,40.1321087,19/07/2011
16780,17/11/2015,0,72.2094517,12000,39.5526421,17/11/2015
200,16/03/1956,136,35.9854677,0,33.8646676,16/03/1956
0,21/02/1963,320,20.8370009,5000,32.4935913,21/02/1963
50100,09/03/1989,9,34.5857148,28000,-13.7609036,09/03/1989
15015,08/12/2009,1,33.8930796,0,-9.9540058,08/12/2009
5721,20/12/2009,3,33.8930796,0,-9.9540058,20/12/2009
5063,26/12/2004,80,100.3004762,500000,5.3774881,26/12/2004
10,05/06/2015,24,116.659998,0,5.948296,05/06/2015
27214,26/12/2004,102,72.7430576,470100,4.1917224,26/12/2004
100,29/11/2007,1,-61.07256,0,14.609371,29/11/2007
0,//1941,174,-99.15719299999999,0,19.4209179,//1941
29,28/07/1957,160,-99.8642883,25000,16.8686621,28/07/1957
0,26/08/1959,28,-96.9088972,0,19.5410474,26/08/1959
4000,06/06/1964,45,-99.1992966,3000,19.3437551,06/06/1964
500,25/09/1968,15,-93.08792600000001,0,16.7612719,25/09/1968
0,31/01/1973,17,-102.7153884,0,20.0565943,31/01/1973
0,28/08/1973,500,-99.15407189999999,0,19.4241618,28/08/1973
3850,29/11/1978,9,-99.30096320000001,0,19.3541283,29/11/1978
7535,14/03/1979,5,-99.1992966,30000,19.3437551,14/03/1979
60,09/06/1980,2,-110.2908838,0,24.1655081,09/06/1980
6300,24/10/1980,65,-96.7239865,0,16.908683,24/10/1980
28,25/10/1981,3,-99.30096320000001,0,19.3541283,25/10/1981
17,07/06/1982,9,-115.5207441,0,32.6169877,07/06/1982
2130204,19/09/1985,9500,-99.30096320000001,4104000,19.3541283,19/09/1985
3050,24/11/1987,2,-117.0421227,0,32.3696521,24/11/1987
350,25/04/1989,3,-115.5207441,0,32.6169877,25/04/1989
0,24/10/1993,0,-100.3055464,0,25.7247237,24/10/1993
4670,14/09/1995,6,-99.1892687,21100,19.5982357,14/09/1995
44465,09/10/1995,58,-104.2380636,0,20.2748286,09/10/1995
18000,20/10/1995,0,-99.23324819999999,0,19.3590045,20/10/1995
5000,12/01/1997,1,-99.19191300000001,0,19.3419262,12/01/1997
12000,22/05/1997,0,-100.2793304,0,22.4303366,22/05/1997
16200,15/06/1999,15,-99.15407189999999,226800,19.4241618,15/06/1999
115215,30/09/1999,31,-99.3080731,164800,19.3551832,30/09/1999
6500,21/06/1999,0,-99.1992966,0,19.3437551,21/06/1999
1,09/08/2000,0,-99.14023379999999,0,19.477084,09/08/2000
178603,22/01/2003,29,-99.15719299999999,116300,19.4209179,22/01/2003
25232,04/04/2010,2,-99.05782320000002,1150000,19.566694,04/04/2010
152,11/12/2011,2,-99.5411351,0,19.2311197,11/12/2011
49011,20/03/2012,2,-99.1992966,320000,19.3437551,20/03/2012
381,18/04/2014,0,-99.1992966,0,19.3437551,18/04/2014
27000,07/07/2014,3,-90.650498,0,16.513154,07/07/2014
0,02/12/1957,1200,106.9190688,0,47.9311589,02/12/1957
0,21/01/1909,100,-5.3380323,0,35.5887482,21/01/1909
25000,29/02/1960,12000,-9.5593983,120000,30.4292161,29/02/1960
0,05/05/1930,500,96.10639859999999,0,17.0787675,05/05/1930
0,04/12/1930,36,96.80198449999999,0,17.9509796,04/12/1930
0,26/12/1941,15,96.1516954,0,16.7987714,26/12/1941
0,12/07/1995,0,95.2232629,0,19.2935279,12/07/1995
15700,26/12/2004,71,98.538124,500000,10.04994,26/12/2004
1486,11/11/2012,38,96.134727,1170,16.7835723,11/11/2012
1152,24/08/2016,4,94.87142089999999,0,20.4630499,24/08/2016
0,15/01/1934,9040,80.38869749999999,0,28.89352299999999,15/01/1934
20100,27/06/1966,80,87.42460489999999,1000,26.4406659,27/06/1966
240600,29/07/1980,100,80.1815019,245000,28.9658984,29/07/1980
301016,20/08/1988,709,83.6012203,60000,27.574715,20/08/1988
285,20/10/1993,0,-73.535099,0,41.058974,20/10/1993
167949,18/09/2011,7,84.4166305,0,28.1265079,18/09/2011
5639722,25/04/2015,8831,84.7314646,5174000,28.5248959,25/04/2015
2428,12/05/2015,138,85.32440249999999,0,27.6843851,12/05/2015
0,/06/1929,17,174.7648166,0,-41.3366301,/06/1929
11000,03/02/1931,256,176.917957,25000,-39.4885495,03/02/1931
314,24/05/1968,3,174.9255102,2669,-36.9623915,24/05/1968
7025,02/03/1987,1,176.1617851,210000,-37.6906297,02/03/1987
