affected,end_date,deaths,lon,damage,lat,start_date
15776,02/09/1998,173,69.2517508,0,34.5487781,/07/1998
14402,12/07/1999,0,69.1417278,0,34.576574,29/05/1999
1604,13/09/2000,19,-77.0708021,0,38.9198887,/08/2000
31,28/03/2002,82,73.0870128,0,31.3812333,28/03/2002
200000,28/05/2002,0,69.2517508,0,34.5487781,/01/2002
6688,17/07/2002,3,69.2517508,0,34.5487781,01/07/2002
0,24/10/2002,100,70.4424473,0,37.5462854,24/10/2002
3245,19/09/2005,0,69.2517508,0,34.5487781,25/06/2005
1100,//2008,17,70.2135055,0,34.5858903,06/10/2008
66,/09/1996,7,19.7277546,0,40.6100328,/04/1996
226,/07/2002,0,20.1917265,0,40.0860598,/07/2002
673,/06/1987,59,13.2656626,0,-8.8686969,/06/1987
15525,/01/1989,766,13.2656626,0,-8.8686969,/01/1989
1007,//1995,0,-84.80563099999999,0,41.607747,//1995
1113,06/08/1998,115,13.1842858,0,-8.923341299999999,01/01/1998
620,27/04/1999,41,13.2656626,0,-8.8686969,01/01/1999
117,/08/2000,18,15.7313012,0,-12.7758919,/08/2000
332,02/10/2001,30,-49.2002312,0,-25.3615376,/05/2001
88,/05/2001,9,13.3975562,0,-12.5845427,/05/2001
45,06/09/2005,329,15.02775,0,-7.602778,13/10/2004
57570,08/02/2007,2354,13.2656626,0,-8.8686969,13/02/2006
0,/11/2006,68,13.4953657,0,-14.9164762,24/10/2006
17875,31/12/2007,515,13.2656626,0,-8.8686969,01/01/2007
468,29/11/2007,0,13.2952096,0,-8.8667303,02/10/2007
9942,30/11/2008,229,15.7237481,0,-17.06859,01/01/2008
7495,17/05/2009,134,15.02775,0,-7.602778,01/01/2008
25795,/12/2009,107,13.8408505,0,-11.2057717,/01/2009
3748,31/07/2016,364,12.1860427,0,-5.5582119,05/12/2015
0,/01/1919,0,-90.82916469999999,0,32.97358639999999,/01/1919
0,/01/1920,0,-90.82916469999999,0,32.97358639999999,/01/1920
0,/01/1921,0,-90.82916469999999,0,32.97358639999999,/01/1921
0,/01/1922,0,-90.82916469999999,0,32.97358639999999,/01/1922
0,/01/1923,0,-90.82916469999999,0,32.97358639999999,/01/1923
3883,/02/1992,67,-58.42375200000001,0,-34.6011716,/02/1992
13366,/04/2009,6,-58.3834605,0,-34.6085748,/03/2009
6,01/04/2003,0,115.9359712,0,-32.0213675,26/02/2003
0,/08/1978,111,50.5516614,0,26.2249297,/08/1978
0,//1918,393000,91.71524289999999,0,22.5023678,//1918
10461,/09/1977,260,91.71524289999999,0,22.5023678,/09/1977
0,/05/1978,129,91.71524289999999,0,22.5023678,/05/1978
173460,/09/1982,2696,90.41567669999999,0,23.7955252,/09/1982
0,/11/1983,500,91.71524289999999,0,22.5023678,/11/1983
0,/04/1984,950,91.71524289999999,0,22.5023678,/04/1984
0,/03/1985,400,91.71524289999999,0,22.5023678,/03/1985
0,/11/1985,500,91.71524289999999,0,22.5023678,/11/1985
52000,/08/1986,165,-38.4128028,0,-12.9049223,/08/1986
1000,/11/1987,100,90.15277329999999,0,23.9309615,/11/1987
200,/12/1987,100,91.8124369,0,22.3950583,/12/1987
600000,27/09/1987,550,89.24430369999999,0,25.7200561,27/09/1987
0,11/08/1989,20,91.71524289999999,0,22.5023678,11/08/1989
108000,/09/1991,1700,90.4166228,0,23.7956633,/09/1991
0,/04/1992,200,90.41567669999999,0,23.7955252,/04/1992
5660,/08/1993,38,92.21803399999999,0,22.1964823,/08/1993
1236,/05/1995,50,91.1062662,0,22.9503549,/05/1995
20000,/03/1995,350,91.8345784,0,24.909502,/03/1995
10000,/07/1996,20,89.75982169999999,0,25.4764461,/07/1996
14330,31/05/1997,64,91.8124369,0,22.3950583,31/05/1997
185000,30/09/1998,151,90.36296589999999,0,23.795222,08/07/1998
3352,/03/2000,0,90.35654269999999,0,22.7076146,/03/2000
522,/07/2000,21,90.36296589999999,0,23.795222,/07/2000
22340,/10/2000,10,-77.06796419999999,0,38.9418017,/10/2000
49904,/06/2002,96,92.21803399999999,0,22.1964823,/06/2002
42,08/02/2004,14,90.019446,0,23.8344086,04/01/2004
12,20/04/2004,18,89.81986189999999,0,23.608341,04/02/2004
236558,09/10/2007,54,91.71524289999999,0,22.5023678,29/07/2007
48352,09/10/2007,32,91.71524289999999,0,22.5023678,30/07/2007
282,/01/1995,13,28.8943363,0,54.2070869,/01/1995
605,26/11/1997,0,31.00633689999999,0,52.4392497,26/11/1997
104,/01/1945,0,5.587574699999999,0,50.6428291,/01/1945
7,/03/1976,1,5.638164,0,6.3456528,/03/1976
56,01/01/1987,24,1.3800817,0,10.3212898,01/01/1987
347,22/12/1987,41,1.2672501,0,10.6245489,22/12/1987
2411,/02/1989,228,1.3800817,0,10.3212898,/02/1989
226,/04/1997,47,2.3607731,0,8.0118913,/04/1997
527,15/03/1998,78,2.6362413,0,9.3361199,15/03/1998
7232,16/10/2000,300,2.6362413,0,9.3361199,16/10/2000
2119,/01/2001,57,5.638164,0,6.3456528,/01/2001
109,27/08/2001,21,1.3800817,0,10.3212898,27/08/2001
7532,25/03/2001,300,1.3800817,0,10.3212898,01/01/2001
452,/01/2002,50,5.638164,0,6.3456528,/01/2002
265,15/11/2003,3,2.346257,0,6.353110699999999,01/01/2003
206,04/09/2005,4,2.4207527,0,6.352583699999999,06/06/2005
269,/02/2008,29,1.3800817,0,10.3212898,/01/2008
527,02/10/2008,2,3.3829327,0,11.8637426,22/09/2008
104,/03/2010,16,5.638164,0,6.3456528,//2010
133,08/02/2010,2,120.985487,0,14.6565277,15/01/2010
800,/10/2010,7,2.4207527,0,6.352583699999999,/10/2010
486,31/12/2013,6,2.3523831,0,6.4410512,/08/2013
281,03/09/2016,9,2.4207527,0,6.352583699999999,16/08/2016
247,/03/1986,41,141.6321796,0,42.65485570000001,/09/1985
494,//1992,0,141.6321796,0,42.65485570000001,//1992
22264,/04/2006,470,27.5422468,0,-21.1653054,/01/2006
15,24/05/2009,2,23.4329607,0,-19.8785979,01/11/2008
30000,01/01/1974,1500,-46.63330939999999,0,-23.5505199,01/01/1974
107,/07/1975,0,-48.208794,0,-13.5301046,/07/1975
0,/05/1984,300,-35.8370257,0,-9.475374,/05/1984
34722,/08/1986,0,-92.94327229999999,0,40.7394878,/08/1986
170,/02/1988,0,-43.22299659999999,0,-22.9027704,/02/1988
15240,/04/1991,196,-92.94327229999999,0,40.7394878,/04/1991
112939,/01/1995,2,-92.94327229999999,0,40.7394878,/01/1995
25900,30/12/1997,0,-92.94327229999999,0,40.7394878,30/12/1997
213932,/05/1998,0,-42.55395619999999,0,-19.4595141,/05/1998
32,22/10/1998,13,-56.0068411,0,-4.2457376,/02/1998
376,23/11/1998,0,-46.5456122,0,-22.9189234,12/11/1998
235,31/03/1999,3,-48.4885277,0,-25.7267154,/03/1999
317730,25/04/2002,57,-43.22299659999999,0,-22.9027704,01/01/2002
162701,/11/2008,123,-43.17528840000001,0,-22.9186215,/03/2008
126139,31/03/2009,23,-42.5387778,0,-22.300933,//2009
942153,//2011,0,-92.94327229999999,0,40.7394878,/01/2011
1612,/02/1979,241,-1.4695375,0,12.3676456,/02/1979
3801,01/01/1981,441,-1.4943099,0,12.3597836,01/01/1981
6212,/12/1981,650,-1.4943099,0,12.3597836,/12/1981
386,//1983,237,-1.4943099,0,12.3597836,//1983
0,26/07/1991,37,-1.4943099,0,12.3597836,26/07/1991
461,28/01/1997,64,-1.4943099,0,12.3597836,/11/1996
17996,/02/1997,2274,-1.4943099,0,12.3597836,/02/1997
441,/09/1998,26,-1.4943099,0,12.3597836,/09/1998
9372,15/04/2001,1525,-3.0679041,0,11.1424729,01/01/2001
7146,20/04/2003,1058,-1.3450098,0,12.4732018,01/01/2003
606,04/09/2005,9,-1.3450098,0,12.4732018,08/08/2005
7402,23/04/2006,784,-4.75,0,10.633333,01/01/2006
20765,08/04/2007,1490,0.0559616,0,11.5051314,01/01/2007
51000,/06/2009,300,-1.5047655,0,12.381498,/12/2008
2892,26/04/2009,389,-4.084561799999999,0,12.1807855,/02/2009
5960,31/05/2010,841,-1.9645753,0,13.4347346,01/01/2010
1530,/06/1978,54,-71.49004579999999,0,-33.0345266,/06/1978
461,13/01/1997,21,29.3545303,0,-3.4293296,/01/1997
400,20/11/1999,29,29.39480769999999,0,-3.3729757,20/11/1999
8000,/09/2000,0,29.39480769999999,0,-3.3729757,/09/2000
100,/06/2000,0,29.9,0,-3.916667,/05/2000
722591,/10/2000,308,29.3749484,0,-3.3872382,/10/2000
781,22/08/2002,13,29.39480769999999,0,-3.3729757,17/06/2002
934,22/09/2002,68,29.37266499999999,0,-3.3924572,06/07/2002
600,14/09/2011,12,29.6000594,0,-4.3455715,05/08/2011
193,08/09/2016,1,29.37108259999999,0,-3.3838738,03/08/2016
20147,29/11/2009,6,3.1810706,0,41.886988,30/09/2009
380000,/03/1992,0,105.9570341,0,13.5322159,/03/1992
400,/06/1992,50,105.4574954,0,11.9955407,/06/1992
227,/01/1998,3,104.8825977,0,11.609207,/01/1997
69,29/06/1998,15,104.0156257,0,13.6862485,14/06/1998
15000,/07/1998,475,104.937608,0,11.553278,/07/1998
874,16/05/1999,56,106.9867194,0,13.742595,16/04/1999
4368,//2006,0,105.9570341,0,13.5322159,//2006
17000,/07/2007,182,104.9264744,0,11.5672731,/07/2007
340,/07/1988,39,9.408943299999999,0,4.610854499999999,/07/1988
550,/01/1989,100,9.408943299999999,0,4.610854499999999,/01/1989
172,25/09/1990,118,14.1324662,0,10.9430434,25/09/1990
1343,//1991,308,14.3076915,0,10.6088658,//1991
7865,26/02/1992,731,14.3076915,0,10.6088658,26/02/1992
4070,/02/1993,513,14.3076915,0,10.6088658,/02/1993
242,/11/1997,49,8.3470487,0,4.9574622,/11/1997
237,/04/1998,60,9.408943299999999,0,4.610854499999999,/11/1997
980,15/01/1998,126,80.93484839999999,0,26.8695639,15/01/1998
105,01/01/1999,14,9.408943299999999,0,4.610854499999999,01/01/1999
65,/01/2000,22,10.4366988,0,5.4849181,/01/2000
387,25/02/2001,28,10.1454389,0,5.957775499999999,01/01/2001
2924,09/06/2004,46,9.703761499999999,0,4.0442692,01/01/2004
1400,/05/2005,42,9.703761499999999,0,4.0442692,03/01/2005
71,24/04/2006,8,10.566667,0,5.45,12/03/2006
1456,01/08/2010,109,13.0361514,0,4.0107107,15/09/2009
16706,14/10/2011,639,9.408943299999999,0,4.610854499999999,/01/2011
1680,12/08/2014,77,-74.23553799999999,0,40.27301,24/04/2014
376,28/08/2014,34,13.9452325,0,9.9468725,18/08/2014
2000000,/01/1918,50000,-119.6890822,0,50.819375,/01/1918
8000,/01/1953,481,-79.72825499999999,0,43.638049,/01/1953
171,/01/1991,18,-93.100859,0,45.025453,/01/1991
0,/01/1992,17,-75.3825421,0,45.96145449999999,/01/1992
399,/04/2001,1,-105.8093654,0,52.9261778,/04/2001
139,12/10/2002,2,-113.8609167,0,52.3253846,/09/2002
208,12/06/2003,43,-76.1405463,0,44.34005,23/02/2003
712,/03/2000,108,16.5248954,0,7.685853600000001,/03/2000
160,/07/2000,40,21.68639,0,4.30804,/07/2000
1473,30/03/2001,343,16.5248954,0,7.685853600000001,18/02/2001
727,22/07/2002,6,18.5524246,0,4.4139154,22/07/2002
379,29/10/2003,23,16.5248954,0,7.685853600000001,16/06/2003
172,14/10/2011,16,17.9833329,0,5.166666999999999,/09/2011
7476,/05/1971,2312,-91.8275055,0,34.9681529,/05/1971
12204,/05/1991,1262,-91.8275055,0,34.9681529,/05/1991
1317,14/07/1996,94,15.0983098,0,12.1023935,03/06/1996
2835,22/03/1998,239,86.3634299,0,23.7647939,29/12/1997
4500,/01/2000,602,16.223949,0,9.067924,/01/2000
5173,25/03/2001,607,16.223949,0,9.067924,25/12/2000
131,05/01/2004,11,16.071333,0,8.622805999999999,24/11/2003
2895,09/09/2004,123,20.8075104,0,13.8241863,14/06/2004
6000,15/05/2005,115,-83.73220979999999,0,38.2503129,03/01/2005
216,30/06/2006,20,14.5606245,0,12.7800185,13/06/2006
871,/04/2009,102,-91.8275055,0,34.9681529,/01/2009
2499,22/03/2010,32,15.0444173,0,12.1253971,/01/2010
1730,21/09/2010,92,14.4490398,0,13.1078947,/06/2010
2085,20/03/2011,124,18.38166,0,9.15,18/03/2011
40,13/06/1991,1,-71.62201,0,-33.0519512,13/06/1991
0,//1909,1500000,-69.4415812,0,44.53182169999999,//1909
0,//1910,60000,124.490099,0,45.323359,//1910
1000,/04/1987,0,117.0448349,0,36.6575065,/04/1987
2000,01/01/1988,0,108.43782,0,30.760709,01/01/1988
0,/07/1991,1075,117.222108,0,31.820134,/07/1991
1000,17/07/2002,0,131.875615,0,45.5463552,17/07/2002
4978,03/06/2003,349,121.195844,0,36.74825999999999,16/11/2002
674,/11/2002,20,-69.4415812,0,44.53182169999999,/01/2002
9,04/06/2007,16,117.222108,0,31.820134,01/01/2005
168,20/08/2005,38,104.1005233,0,30.6310268,24/06/2005
14137,/03/1991,350,-74.82718299999999,0,4.3970793,/03/1991
3000,/01/1996,62,-76.5357219,0,3.2678043,/01/1996
23235,/06/2012,0,-76.5357219,0,3.2678043,/04/2012
1171,/10/2013,91,-76.1559903,0,4.208637599999999,/07/2013
924,//2006,0,-93.21502009999999,0,44.9866931,//2006
821,29/05/1996,179,15.2737768,0,-4.3274093,29/03/1996
100,04/06/1997,0,15.2737768,0,-4.3274093,04/06/1997
4000,/01/2002,24,15.2737768,0,-4.3274093,/01/2002
30878,15/01/2003,296,15.2737768,0,-4.3274093,/12/2002
2599,12/07/2004,77,15.2737768,0,-4.3274093,31/05/2004
42564,11/01/2005,214,15.2737768,0,-4.3274093,27/09/2004
708,27/12/2011,32,15.3105571,0,-4.3593591,14/06/2011
9424,/07/2011,0,15.3105571,0,-4.3593591,/05/2011
1071,/06/2013,16,-96.3736904,0,30.6718128,/04/2013
1200,/12/1990,7,-87.71955770000001,0,41.8406514,/12/1990
4786,/01/1995,0,-83.9587175,0,9.903789699999999,/01/1995
12000,/07/2013,3,-121.6848338,0,37.9334122,/07/2013
49358,//1993,0,-88.1557529,0,42.1815829,//1993
823,16/06/1997,3,-75.81840989999999,0,20.0274527,/01/1997
0,01/01/1970,0,-85.8082622,0,38.6766839,01/01/1970
280,21/08/1996,0,33.0325198,0,34.6718049,05/07/1996
239,22/11/1994,10,43.1497363,0,11.5714618,22/11/1994
827,24/11/1997,29,43.1497363,0,11.5714618,/11/1997
2000,/12/1998,43,42.590275,0,11.825138,/12/1998
419,/06/2000,4,43.1497363,0,11.5714618,/06/2000
562,/11/2007,6,43.1497363,0,11.5714618,/01/2007
0,//1978,0,-69.9011179,0,18.5285881,//1978
1252,/01/1995,2,-69.9011179,0,18.5285881,/01/1995
3270,/10/2009,25,-69.9011179,0,18.5285881,/01/2009
17321,/10/2011,130,-69.9011179,0,18.5285881,/12/2010
528,/08/1967,36,-78.51077509999999,0,-0.2205261,/08/1967
40000,/05/1969,400,-80.3800589,0,-2.6354081,/05/1969
15131,13/06/1991,343,-80.2334332,0,-1.8133855,13/06/1991
0,/01/1992,200,-79.7068357,0,0.9009003999999999,/01/1992
3399,/01/1995,0,-79.7068357,0,0.9009003999999999,/01/1995
0,/05/1998,12,-79.88579790000001,0,-2.2036911,/05/1998
11,31/03/1998,1,-79.2042882,0,-4.0355957,01/01/1998
100000,/03/2000,0,-79.88129959999999,0,-2.2817452,/03/2000
220,/03/2000,8,-79.7068357,0,0.9009003999999999,/03/2000
100,02/08/2002,0,-90.9007099,0,0.4187588,/01/2002
4000,//2010,4,-79.7068357,0,0.9009003999999999,//2010
6967,/05/2012,11,-79.7068357,0,0.9009003999999999,/04/2012
