affected,end_date,deaths,lon,damage,lat,start_date
22656,/02/2005,260,70.4424473,5000,37.5462854,/01/2005
0,/02/2006,42,70.4424473,0,37.5462854,/02/2006
0,07/02/2014,63,65.7534105,0,36.6679451,01/02/2014
125000,08/01/2002,6,20.3526235,0,41.66816740000001,08/01/2002
400000,28/02/2005,2,20.4156148,0,42.015774,23/01/2005
10107,/09/1988,0,3.0466734,0,36.764241,/09/1988
10,29/12/2000,4,5.0706679,0,36.75210210000001,29/12/2000
0,31/01/2003,13,3.0896085,0,36.7231452,31/01/2003
5,/02/2005,10,7.760588299999999,0,36.9030605,/02/2005
0,/01/1966,90,-124.1076812,0,40.8681259,/01/1966
0,10/01/1989,0,-124.1076812,5000,40.8681259,10/01/1989
23060,05/01/2004,0,-124.1871415,150000,40.8190377,05/01/2004
0,02/01/1955,0,-90.82916469999999,0,32.97358639999999,02/01/1955
1250,04/09/1960,5,-81.2396435,35000,40.4944848,04/09/1960
0,03/09/1979,0,-90.82916469999999,0,32.97358639999999,03/09/1979
0,18/04/1983,0,-90.82916469999999,160,32.97358639999999,18/04/1983
0,07/11/1984,0,-90.82916469999999,2115,32.97358639999999,07/11/1984
150,19/11/1999,0,-90.82916469999999,50,32.97358639999999,17/11/1999
0,01/09/1950,2,-95.094708,1000,29.5403699,01/09/1950
0,04/09/1960,2,-95.094708,0,29.5403699,04/09/1960
0,26/09/1966,0,-95.094708,0,29.5403699,26/09/1966
8030,17/09/1989,2,-95.094708,80000,29.5403699,17/09/1989
0,27/08/1990,0,-95.094708,0,29.5403699,27/08/1990
3702,07/09/1995,2,-95.094708,350000,29.5403699,05/09/1995
2025,29/09/1998,2,-61.7905969,100000,17.035516,20/09/1998
3423,19/11/1999,1,-95.094708,0,29.5403699,17/11/1999
300,01/01/1973,60,-58.5799743,0,-34.6498223,01/01/1973
100000,/02/1974,100,-58.3848725,0,-34.6086913,/02/1974
0,13/03/1975,20,-68.0582974,0,-38.9529359,13/03/1975
100,30/10/1978,5,-64.2064994,0,-31.3856238,30/10/1978
1000,/12/1986,1,-58.40888640000001,0,-34.6103294,/12/1986
1000,/01/1987,1,-58.42375200000001,10000,-34.6011716,/01/1987
6000,10/04/1995,6,-58.3815591,0,-34.6036844,10/04/1995
4000,07/02/1998,0,-58.3815591,0,-34.6036844,07/02/1998
430,27/12/2000,1,-58.3815591,0,-34.6036844,27/12/2000
650,10/01/2001,4,-58.3815591,0,-34.6036844,10/01/2001
2000,05/04/2001,16,-64.3036235,15000,-23.9805781,05/04/2001
5000,22/10/2002,3,-58.021441,0,-31.4082472,22/10/2002
900,13/11/2003,12,-68.47748899999999,0,-33.0965863,11/11/2003
252,30/01/2005,11,-58.3815591,0,-34.6036844,30/01/2005
24,09/09/2009,10,-64.1825963,0,-31.4126239,09/09/2009
2020,04/04/2012,18,-58.3815591,10000,-34.6036844,04/04/2012
7510,31/10/2012,1,-58.3815591,0,-34.6036844,29/10/2012
12,03/12/2013,4,-58.46135649999999,0,-34.7264542,03/12/2013
4500,24/02/2015,8,-58.37367880000001,17200,-34.6596339,15/02/2015
64000,17/05/2013,0,44.4246138,60000,40.1822111,12/05/2013
0,/01/1970,13,153.1755074,72475,-27.6623065,/01/1970
0,24/12/1971,3,146.8172461,119219,-19.2567761,24/12/1971
45640,25/12/1974,65,146.1292032,800000,-23.6024098,25/12/1974
0,/01/1974,11,152.8623409,296717,-27.6016682,/01/1974
0,/12/1975,0,152.2699161,63861,-27.5691299,/12/1975
0,10/01/1976,0,152.0582841,13037,-27.2663497,10/01/1976
0,02/11/1976,0,152.9802646,7279,-27.5199426,02/11/1976
0,10/11/1976,0,151.0727976,38024,-33.8475461,10/11/1976
0,/01/1976,0,153.1755074,4237,-27.6623065,/01/1976
0,/02/1976,0,152.3379249,8257,-24.8687996,/02/1976
0,/12/1976,0,153.1755074,36177,-27.6623065,/12/1976
0,/01/1977,0,151.5578908,38680,-33.1947491,/01/1977
0,/02/1977,0,144.9612203,10269,-36.0282008,/02/1977
100,/04/1978,5,152.2699161,1000000,-27.5691299,/04/1978
0,/10/1978,0,138.6193776,3797,-35.0144028,/10/1978
0,/02/1978,0,151.0727976,35090,-33.8475461,/02/1978
0,/03/1978,0,137.3170797,11620,-34.9314546,/03/1978
0,/06/1978,0,151.1746559,16107,-33.8880158,/06/1978
0,/03/1979,15,115.9359712,31286,-32.0213675,/03/1979
0,/11/1979,0,115.9359712,18683,-32.0213675,/11/1979
0,/01/1980,0,151.5578908,6966,-33.1947491,/01/1980
0,/02/1980,0,145.090682,40026,-37.760461,/02/1980
0,/02/1980,0,145.090682,4605,-37.760461,/02/1980
0,/12/1980,0,152.8623409,13932,-27.6016682,/12/1980
0,/12/1980,0,144.9894687,29399,-37.8710582,/12/1980
0,/11/1981,0,153.1755074,7895,-27.6623065,/11/1981
0,/04/1982,1,153.4118141,6864,-27.9609136,/04/1982
0,15/11/1982,0,151.2483433,12454,-33.8731099,15/11/1982
0,15/12/1982,0,153.3319581,11767,-27.891646,15/12/1982
0,/01/1983,0,153.1755074,1984,-27.6623065,/01/1983
0,/02/1983,0,151.9880998,2255,-27.583904,/02/1983
0,/09/1983,0,115.9359712,5773,-32.0213675,/09/1983
0,18/01/1985,27,152.8623409,122000,-27.6016682,18/01/1985
0,/09/1985,0,144.898111,7255,-37.862647,/09/1985
1012,/02/1986,3,153.4118141,70000,-27.9609136,/02/1986
0,03/10/1986,0,151.1746559,51000,-33.8880158,03/10/1986
0,/01/1986,0,144.906679,5778,-37.740293,/01/1986
0,/08/1986,4,151.0727976,68055,-33.8475461,/08/1986
0,/12/1986,0,138.5785378,6806,-35.0686957,/12/1986
0,/03/1988,1,153.1755074,20417,-27.6623065,/03/1988
0,/04/1989,2,147.2784008,94300,-42.8408501,/04/1989
0,/04/1989,2,115.9359712,13611,-32.0213675,/04/1989
0,18/03/1990,0,151.1746559,389100,-33.8880158,18/03/1990
0,25/12/1990,0,153.1755074,155600,-27.6623065,25/12/1990
0,/01/1991,0,151.1746559,0,-33.8880158,/01/1991
408,08/11/1991,0,115.9359712,1560,-32.0213675,08/11/1991
0,12/02/1992,0,151.2140896,103100,-33.8799386,12/02/1992
120,18/12/1992,2,151.2483433,274900,-33.8731099,18/12/1992
10045,/09/1993,0,115.7192808,0,-32.5345208,/09/1993
2025,/12/1993,0,144.898111,0,-37.862647,/12/1993
240220,25/05/1994,2,153.4215494,77600,-28.0713753,25/05/1994
0,19/01/1994,22,115.9359712,0,-32.0213675,19/01/1994
2500104,07/11/1994,1,151.2483433,0,-33.8731099,07/11/1994
120090,/11/1994,2,151.1746559,0,-33.8880158,/11/1994
7045,/02/1995,7,151.1114295,98000,-33.9162082,/02/1995
4654,/04/1995,0,149.9102954,18700,-36.8877745,/04/1995
400045,/12/1995,1,145.35102,84000,-38.028513,/12/1995
20025,/12/1995,0,151.1807039,28000,-32.5695544,/12/1995
450220,31/08/1996,6,151.0727976,47000,-33.8475461,31/08/1996
60071,/02/1996,0,148.6237654,9333,-32.1813538,/02/1996
70014,/02/1996,0,151.1746559,39200,-33.8880158,/02/1996
1760,/04/1996,0,115.9359712,46700,-32.0213675,/04/1996
25130,29/09/1996,0,152.9413456,317300,-29.709313,29/09/1996
15611,/12/1996,1,151.2110288,140000,-32.6034202,/12/1996
2000,11/02/1999,5,153.4292613,300000,-28.0267303,02/02/1999
2672,23/03/1999,1,114.1270123,200000,-21.9288084,19/03/1999
6024,14/04/1999,1,151.1746559,1500000,-33.8880158,14/04/1999
1,15/07/1999,0,143.8817125,196300,-37.57849,14/07/1999
200,13/03/2000,1,145.265874,90000,-38.04089,27/02/2000
400,03/04/2000,0,146.7612616,60000,-19.2728616,03/04/2000
0,16/01/2001,1,151.2140896,6600,-33.8799386,16/01/2001
27,18/01/2001,1,153.1755074,0,-27.6623065,18/01/2001
180,26/04/2001,0,153.3695824,0,-28.0483452,26/04/2001
0,16/02/2002,0,151.0727976,0,-33.8475461,16/02/2002
0,19/09/2002,0,151.5578908,0,-33.1947491,19/09/2002
129,05/12/2002,0,151.7479255,0,-32.7573941,05/12/2002
0,09/01/2003,1,151.5578908,0,-33.1947491,09/01/2003
270,18/05/2003,0,144.257842,0,-36.73551,18/05/2003
1500,24/10/2003,0,151.2140896,0,-33.8799386,24/10/2003
0,03/12/2003,0,144.898111,93000,-37.862647,03/12/2003
300,09/12/2003,0,138.6681528,0,-34.9128702,09/12/2003
600,18/07/2004,0,151.2483433,0,-33.8731099,17/07/2004
45,07/11/2004,2,153.1755074,10000,-27.6623065,07/11/2004
0,31/01/2004,1,151.2483433,50000,-33.8731099,24/01/2004
600,21/01/2005,0,147.7693438,27000,-29.7455596,21/01/2005
600,02/12/2005,1,149.153007,15000,-35.2302293,02/12/2005
1500,31/01/2006,0,128.1167726,2354,-15.4886901,09/01/2006
7030,02/04/2006,0,145.265874,1180000,-38.04089,20/03/2006
500,05/04/2006,0,114.1270123,0,-21.9288084,30/03/2006
820,16/03/2007,2,145.4433056,100000,-38.063949,02/03/2007
12000,21/11/2008,1,152.8623409,450000,-27.6016682,15/11/2008
400,20/02/2009,0,153.1755074,0,-27.6623065,26/01/2009
15000,28/05/2009,1,153.1755074,60000,-27.6623065,19/05/2009
0,10/03/2010,0,151.2483433,1330000,-33.8731099,06/03/2010
0,21/03/2010,1,146.0630818,0,-34.29087680000001,21/03/2010
0,22/03/2010,0,115.7697233,1390000,-31.7524832,22/03/2010
7300,05/02/2011,1,144.664035,2500000,-37.879697,02/02/2011
7500,30/01/2013,6,152.8623409,2000000,-27.6016682,23/01/2013
52539,30/11/2014,0,153.1755074,1000000,-27.6623065,22/11/2014
438,20/02/2015,0,130.8416296,78000,-12.463251,20/02/2015
6000,24/02/2015,1,153.1755074,546000,-27.6623065,22/02/2015
600,15/03/2015,0,151.2333241,57000,-33.7431624,12/03/2015
1000,28/04/2015,7,151.757993,1300000,-32.403234,20/04/2015
0,/01/1976,0,12.6049021,0,47.2755254,/01/1976
0,19/07/1981,0,16.407804,0,48.2240229,19/07/1981
0,12/07/1984,12,12.6049021,0,47.2755254,12/07/1984
0,22/05/1990,0,12.6049021,0,47.2755254,22/05/1990
0,01/07/1990,0,12.6049021,0,47.2755254,01/07/1990
0,15/02/1990,0,12.6049021,10000,47.2755254,13/02/1990
0,27/02/1990,0,12.6049021,120000,47.2755254,25/02/1990
0,01/03/1990,3,12.6049021,120000,47.2755254,28/02/1990
0,14/07/1991,0,12.6049021,28000,47.2755254,13/07/1991
0,06/07/1993,0,12.6049021,1000,47.2755254,05/07/1993
0,29/01/1994,0,12.6049021,2000,47.2755254,27/01/1994
0,27/05/2000,0,15.6942094,20000,46.9939141,27/05/2000
300,14/11/2002,1,13.0407066,0,47.8233056,14/11/2002
0,02/03/2008,4,15.5418592,500000,47.6917959,29/02/2008
0,24/07/2009,0,12.1667016,500000,47.5829781,23/07/2009
0,/10/1946,27,-117.1006752,0,32.8299752,/10/1946
60,25/12/1996,0,-25.647625,66000,37.744506,25/12/1996
0,14/09/1945,22,-82.64828090000002,0,27.7435096,14/09/1945
0,08/10/1963,0,-82.64828090000002,1500,27.7435096,08/10/1963
0,/09/1966,0,-82.64828090000002,0,27.7435096,/09/1966
0,27/07/1990,0,-82.64828090000002,0,27.7435096,27/07/1990
0,08/09/2004,1,-82.64828090000002,0,27.7435096,25/08/2004
1500,25/10/2005,1,-82.64828090000002,0,27.7435096,19/10/2005
0,26/08/2008,0,-82.64828090000002,0,27.7435096,26/08/2008
10000,26/08/2011,0,-82.64828090000002,40000,27.7435096,23/08/2011
0,24/10/2012,1,-82.64828090000002,0,27.7435096,24/10/2012
0,10/10/2016,0,-82.64828090000002,600000,27.7435096,28/09/2016
0,/11/1904,0,91.8124369,0,22.3950583,/11/1904
0,15/10/1909,172,90.38731100000001,0,22.5475789,15/10/1909
0,/12/1909,0,89.1833304,0,21.9497274,/12/1909
0,/04/1911,0,92.31070969999999,0,20.8113578,/04/1911
0,23/09/1919,0,90.38731100000001,0,22.5475789,23/09/1919
0,19/04/1922,0,92.31070969999999,0,20.8113578,19/04/1922
25000,07/05/1923,6,91.9844177,0,21.4160368,07/05/1923
0,19/05/1926,0,91.9844177,0,21.4160368,19/05/1926
0,11/10/1937,0,91.1062662,0,22.9503549,11/10/1937
0,21/05/1941,5000,90.4871938,0,22.6899731,21/05/1941
0,/10/1942,61000,89.1833304,0,21.9497274,/10/1942
0,21/10/1947,500,91.9844177,0,21.4160368,21/10/1947
0,/05/1951,200,91.71524289999999,0,22.5023678,/05/1951
0,20/10/1958,500,91.71524289999999,0,22.5023678,20/10/1958
0,09/10/1960,3000,91.1062662,0,22.9503549,09/10/1960
200000,30/10/1960,5149,91.8310611,0,22.3664178,30/10/1960
0,30/05/1961,0,91.8124369,0,22.3950583,30/05/1961
0,/03/1961,266,91.71524289999999,0,22.5023678,/03/1961
1000000,28/05/1963,22000,91.8124369,50000,22.3950583,28/05/1963
0,/10/1963,79,91.71524289999999,0,22.5023678,/10/1963
800,12/04/1964,300,89.178206,250,23.1668762,12/04/1964
15600000,11/05/1965,36000,90.35654269999999,57700,22.7076146,11/05/1965
0,/06/1965,12047,91.71524289999999,0,22.5023678,/06/1965
1800000,01/10/1966,850,91.8124369,22400,22.3950583,01/10/1966
200,02/05/1967,50,90.367763,0,23.8709993,02/05/1967
0,/10/1967,41,90.4142914,0,23.780582,/10/1967
16138,11/04/1968,118,90.2316196,1500,23.2291734,11/04/1968
199473,14/04/1969,849,90.367763,8329,23.8709993,14/04/1969
110,13/04/1970,17,91.71524289999999,0,22.5023678,13/04/1970
0,23/10/1970,300,88.4417871,0,22.6234626,23/10/1970
3648000,12/11/1970,300000,89.5313898,86400,22.8372814,12/11/1970
0,08/05/1971,163,89.8608725,0,22.4682438,08/05/1971
25000,02/04/1972,200,90.4149283,0,24.7548473,02/04/1972
50000,12/04/1973,200,89.81986189999999,0,23.608341,12/04/1973
0,09/12/1973,1000,91.75795579999999,0,22.375904,09/12/1973
0,/04/1973,700,91.71524289999999,0,22.5023678,/04/1973
0,/08/1974,2500,91.71524289999999,0,22.5023678,/08/1974
0,28/11/1974,0,89.8608725,0,22.4682438,28/11/1974
0,/03/1974,300,91.71524289999999,0,22.5023678,/03/1974
200,10/04/1976,46,89.81986189999999,0,23.608341,10/04/1976
10000,01/04/1977,600,90.2316196,50000,23.2291734,01/04/1977
100,24/04/1977,13,90.3793073,0,24.3216604,24/04/1977
500,06/10/1977,21,91.71524289999999,0,22.5023678,06/10/1977
0,09/04/1978,1000,88.392241,0,22.6046726,09/04/1978
100,05/05/1978,30,89.178206,0,23.1668762,05/05/1978
150,02/05/1979,3,90.42220619999999,0,24.7375356,02/05/1979
0,17/08/1979,50,91.75795579999999,0,22.375904,17/08/1979
1050,/04/1980,11,91.71524289999999,0,22.5023678,/04/1980
12000,15/04/1981,70,91.1062662,0,22.9503549,15/04/1981
2000000,11/12/1981,1000,91.71524289999999,0,22.5023678,11/12/1981
25000,06/03/1981,15,91.1817487,0,23.46327,06/03/1981
150,21/03/1983,6,90.4142914,0,23.780582,21/03/1983
200,26/04/1983,12,89.5313898,0,22.8372814,26/04/1983
5000,15/10/1983,600,91.8124369,0,22.3950583,15/10/1983
0,13/11/1983,67,91.8124369,0,22.3950583,13/11/1983
20000,28/03/1985,50,89.0699548,0,24.1317543,28/03/1985
1810000,28/05/1985,15000,89.9753975,50000,23.9964287,24/05/1985
1300,16/10/1985,71,91.71524289999999,0,22.5023678,16/10/1985
13000,04/04/1986,100,89.8176259,0,23.0301895,04/04/1986
2700000,26/09/1986,40,91.6409755,0,24.7430702,26/09/1986
100,09/11/1986,25,89.2390975,0,24.0069804,09/11/1986
10000,/03/1986,19,90.367763,0,23.8709993,/03/1986
0,04/06/1987,12,91.0705923,0,22.4024365,04/06/1987
0,23/05/1988,28,91.71524289999999,0,22.5023678,23/05/1988
5200,13/06/1988,5,89.13066789999999,0,23.9059711,13/06/1988
0,19/10/1988,31,90.3217294,0,22.3729536,19/10/1988
10568860,29/11/1988,1000,89.8016801,0,22.6529799,29/11/1988
102000,26/04/1989,800,90.019446,16200,23.8344086,26/04/1989
2000,26/05/1989,15,90.019446,0,23.8344086,26/05/1989
0,02/05/1990,0,90.019446,0,23.8344086,02/05/1990
40200,22/04/1990,54,90.4122623,0,23.7736491,22/04/1990
0,21/12/1990,250,87.5395855,0,13.531665,21/12/1990
13870,08/10/1990,370,91.8124369,0,22.3950583,08/10/1990
15438849,10/05/1991,138866,91.9844177,1780000,21.4160368,29/04/1991
300,07/05/1991,121,90.6493505,0,23.9840388,07/05/1991
10200,01/02/1992,7,91.71524289999999,0,22.5023678,31/01/1992
100,22/04/1992,16,90.41567669999999,0,23.7955252,22/04/1992
752000,12/01/1993,31,89.3624926,0,24.8620685,12/01/1993
7500,13/05/1993,14,91.1062662,0,22.9503549,13/05/1993
70500,19/02/1993,8,90.41567669999999,0,23.7955252,19/02/1993
25200,27/03/1993,300,90.4871938,0,22.6899731,27/03/1993
3250,07/05/1993,9,90.41567669999999,0,23.7955252,07/05/1993
7000,17/05/1993,25,90.6796767,0,23.6636171,17/05/1993
2500,09/01/1993,50,91.86624619999999,0,24.9086127,09/01/1993
70,09/05/1993,15,91.0451887,0,23.0099486,09/05/1993
653559,02/05/1994,130,92.2676414,125000,20.9231679,02/05/1994
150,28/03/1994,40,90.4149283,2500,24.7548473,28/03/1994
5200,19/04/1994,20,89.04456359999999,0,22.4217587,19/04/1994
100,18/05/1994,15,90.41567669999999,0,23.7955252,18/05/1994
51500,12/04/1995,50,91.8124369,0,22.3950583,12/04/1995
2070,12/04/1995,6,91.8124369,0,22.3950583,12/04/1995
2070000,15/05/1995,525,91.9844177,800000,21.4160368,15/05/1995
250000,25/11/1995,172,88.40797479999999,0,22.6111226,25/11/1995
118291,14/05/1996,525,90.41605349999999,0,23.8938767,12/05/1996
0,27/07/1996,60,88.392241,0,22.6046726,27/07/1996
100,29/10/1996,24,91.8124369,0,22.3950583,29/10/1996
3052738,18/05/1997,111,91.89771549999999,0,21.902615,18/05/1997
750063,27/09/1997,188,90.4871938,0,22.6899731,26/09/1997
0,27/08/1997,100,91.9844177,0,21.4160368,27/08/1997
200,23/04/1998,14,91.8124369,0,22.3950583,23/04/1998
108944,20/05/1998,19,91.8124369,0,22.3950583,20/05/1998
121000,25/11/1998,200,89.50725109999999,0,22.8718466,25/11/1998
0,03/07/1998,60,90.35654269999999,0,22.7076146,03/07/1998
200,08/04/1999,7,88.6627711,0,25.63469,07/04/1999
100060,26/03/1999,2,88.564004,0,26.3545264,26/03/1999
1150,30/04/1999,3,89.62817299999999,0,25.8094698,30/04/1999
0,25/10/1999,0,89.50725109999999,0,22.8718466,25/10/1999
100,10/04/1999,66,90.4871938,0,22.6899731,10/04/1999
0,05/07/1999,50,88.40797479999999,0,22.6111226,01/07/1999
3050,05/03/2000,0,89.00155559999999,0,24.1689015,05/03/2000
7012,11/04/2000,0,91.7154585,0,24.5841276,11/04/2000
71000,19/06/2000,36,90.36296589999999,0,23.795222,27/05/2000
0,23/05/2000,28,91.80745859999999,0,22.401217,23/05/2000
2537,25/06/2000,0,89.6813804,0,24.3342179,25/06/2000
200,28/10/2000,15,90.35654269999999,0,22.7076146,28/10/2000
200,11/05/2001,12,90.4149283,0,24.7548473,11/05/2001
2500,01/04/2001,193,90.3304375,0,22.3611841,01/04/2001
600,28/04/2001,21,89.70540230000002,0,24.461472,28/04/2001
25450,05/10/2001,12,89.4340888,0,26.0006839,05/10/2001
1000,25/03/2002,32,91.981004,0,21.4212968,25/03/2002
100400,22/04/2002,31,89.5408487,0,25.3294323,22/04/2002
0,14/07/2002,10,88.48518899999999,0,24.5924104,14/07/2002
0,14/11/2002,49,90.12194029999999,0,22.1548462,14/11/2002
20,16/04/2003,9,90.6796767,0,23.6636171,16/04/2003
400,04/05/2003,23,91.3204135,0,23.8617671,04/05/2003
0,20/12/2003,28,90.12194029999999,0,22.1548462,20/12/2003
13000,15/04/2004,76,90.4149283,0,24.7548473,14/04/2004
50,13/06/2004,153,91.9844177,0,21.4160368,12/06/2004
4050,13/05/2004,10,91.86624619999999,0,24.9086127,13/05/2004
1100,17/07/2004,0,91.5504605,0,24.7689077,17/07/2004
11500,23/03/2005,79,89.5408487,0,25.3294323,20/03/2005
10500,31/03/2005,24,89.9998095,0,23.8584172,31/03/2005
6,22/05/2005,10,90.8177402,0,22.9491107,21/05/2005
100,14/05/2005,2,89.0699548,0,24.1317543,14/05/2005
1500,06/05/2005,11,89.24430369999999,0,25.7200561,06/05/2005
0,30/06/2005,35,91.981004,0,21.4212968,30/06/2005
12000,20/09/2005,16,90.35654269999999,0,22.7076146,20/09/2005
5899,04/03/2006,4,89.8016801,0,22.6529799,04/03/2006
9135,05/10/2006,115,88.12558369999999,0,25.6185295,18/09/2006
1465,06/04/2006,9,90.6796767,0,23.6636171,05/04/2006
1500,08/04/2006,22,90.06558,0,24.4729316,08/04/2006
150,24/04/2006,4,88.6177005,0,24.3824506,22/04/2006
225,15/05/2007,41,91.9844177,0,21.4160368,15/05/2007
8978541,19/11/2007,4234,89.8016801,2300000,22.6529799,15/11/2007
200,22/03/2008,12,89.941498,0,24.9320571,22/03/2008
200,27/10/2008,15,90.35654269999999,0,22.7076146,27/10/2008
19209,20/04/2009,7,91.89771549999999,0,21.902615,19/04/2009
3935341,26/05/2009,190,89.5313898,270000,22.8372814,25/05/2009
247110,14/04/2010,8,89.24430369999999,0,25.7200561,13/04/2010
10000,17/04/2010,3,89.4340888,0,26.0006839,17/04/2010
50,02/05/2010,15,90.3793073,0,24.3216604,01/05/2010
121,04/04/2011,13,89.3741695,0,24.8384584,04/04/2011
55121,06/04/2012,25,88.55499480000002,0,26.3320482,06/04/2012
129558,10/10/2012,108,91.0705923,0,22.4024365,10/10/2012
8543,22/03/2013,31,90.37097759999999,20000,22.7069779,22/03/2013
25020,30/03/2013,2,88.9937474,0,24.4152825,29/03/2013
1498644,16/05/2013,17,90.3217294,0,22.3729536,16/05/2013
4012,28/04/2014,16,91.5504605,0,24.7689077,27/04/2014
1250,11/06/2014,4,89.81986189999999,0,23.608341,11/06/2014
20200,07/04/2015,53,89.3624926,4000,24.8620685,01/04/2015
0,03/05/2015,13,91.5504605,0,24.7689077,02/05/2015
2600000,30/07/2015,45,91.9844177,40000,21.4160368,29/07/2015
40050,23/05/2015,6,88.63687720000001,0,25.6388084,23/05/2015
0,15/05/2016,59,91.71524289999999,0,22.5023678,13/05/2016
1300000,21/05/2016,27,91.0705923,0,22.4024365,21/05/2016
0,22/09/1955,57,-59.5824905,0,13.2560646,22/09/1955
5007,11/08/1980,0,-59.5824905,1500,13.2560646,31/07/1980
230,//1987,0,-59.5824905,100000,13.2560646,//1987
0,18/09/1995,0,-59.5824905,0,13.2560646,18/09/1995
2000,24/09/2002,0,-59.56810710000001,200,13.2526003,24/09/2002
880,08/09/2004,1,-59.56810710000001,5000,13.2526003,08/09/2004
2500,29/10/2010,0,-59.4983804,0,13.1848385,29/10/2010
0,02/12/1930,60,5.6349329,0,50.6457492,02/12/1930
0,17/06/1966,0,4.2407565,0,50.4779896,17/06/1966
100,25/06/1967,0,4.7132927,0,51.27070879999999,25/06/1967
0,/11/1972,0,4.3639297,0,51.1522562,/11/1972
0,02/01/1976,0,4.356057600000001,0,50.8422618,02/01/1976
0,20/09/1982,0,4.4834777,0,50.68512519999999,20/09/1982
0,21/11/1984,0,4.3639297,0,51.1522562,21/11/1984
0,/08/1985,0,4.3639297,0,51.1522562,/08/1985
0,26/01/1990,10,4.3639297,350000,51.1522562,25/01/1990
0,04/02/1990,0,4.3639297,180000,51.1522562,03/02/1990
0,08/02/1990,0,4.3639297,60000,51.1522562,07/02/1990
0,15/02/1990,0,4.3639297,60000,51.1522562,13/02/1990
0,27/02/1990,5,4.3639297,240000,51.1522562,25/02/1990
0,01/03/1990,1,4.3639297,90000,51.1522562,28/02/1990
800,02/02/1995,6,4.9026501,100000,50.1754926,21/01/1995
0,06/01/1998,0,4.3639297,500,51.1522562,01/01/1998
905,14/08/1999,0,3.343531,486,50.6462328,14/08/1999
0,27/12/1999,2,4.3639297,50000,51.1522562,25/12/1999
0,28/10/2002,5,4.425623799999999,5000,51.2568286,26/10/2002
0,01/03/2008,0,4.359160399999999,0,50.85476360000001,29/02/2008
0,24/12/2010,0,4.359160399999999,0,50.85476360000001,23/12/2010
71,18/08/2011,5,5.345585499999999,99000,50.9445471,18/08/2011
0,07/12/2013,0,4.359160399999999,0,50.85476360000001,04/12/2013
0,26/12/2013,0,4.359160399999999,0,50.85476360000001,26/12/2013
0,10/06/2014,0,4.359160399999999,0,50.85476360000001,08/06/2014
0,10/09/1931,1500,-88.19070630000002,7500,17.5062139,10/09/1931
0,28/09/1955,16,-88.1832111,5000,18.3178169,28/09/1955
70000,02/09/1974,0,-117.9969075,4000,33.8020671,02/09/1974
6000,18/09/1978,5,-89.02807469999999,6000,16.8909799,18/09/1978
60000,03/11/1998,9,-89.02807469999999,50,16.8909799,25/10/1998
62570,03/10/2000,14,-88.10465049999999,277460,17.6125008,30/09/2000
20000,11/10/2001,30,-88.2101438,250000,17.4851085,08/10/2001
0,21/08/2001,0,-89.02807469999999,0,16.8909799,21/08/2001
0,21/10/2005,0,-89.02807469999999,0,16.8909799,21/10/2005
0,21/11/2005,3,-89.02807469999999,0,16.8909799,14/11/2005
20000,21/08/2007,0,-88.3881418,14847,18.394403,21/08/2007
10000,05/06/2008,7,-88.3881418,0,18.394403,31/05/2008
0,25/09/2010,0,-88.2101438,0,17.4851085,25/09/2010
1100,04/08/2016,0,-88.10465049999999,0,17.6125008,04/08/2016
0,12/10/1948,0,-85.846543,0,31.351354,12/10/1948
0,/01/1985,0,-77.3847126,2000,37.2042851,/01/1985
0,/01/1986,0,-77.3847126,1500,37.2042851,/01/1986
40,25/09/1987,0,-85.846543,50000,31.351354,25/09/1987
0,08/08/1989,0,-85.846543,0,31.351354,08/08/1989
0,06/09/2003,4,-85.846543,300000,31.351354,05/09/2003
65000,/05/1994,17,141.6321796,0,42.65485570000001,/05/1994
0,26/05/2009,12,89.56139089999999,0,27.0571716,25/05/2009
1090,16/12/1999,0,17.8010324,0,43.3581916,16/12/1999
400,05/12/2009,0,26.8341582,0,-23.1336895,05/12/2009
0,/05/1949,100,-92.94327229999999,0,40.7394878,/05/1949
0,/08/1959,59,-92.94327229999999,0,40.7394878,/08/1959
0,/01/1966,36,-92.94327229999999,0,40.7394878,/01/1966
100,17/06/1977,10,-37.0783348,0,-10.9423857,17/06/1977
48,25/06/1980,15,-50.6401134,0,-25.4773983,25/06/1980
4300,/06/1982,33,-50.4374706,0,-22.6495713,/06/1982
200,09/10/1984,10,-46.3204742,0,-13.3987712,09/10/1984
3000,30/09/1985,22,-41.2356163,0,-18.573088,30/09/1985
1000,15/05/1994,0,-46.63330939999999,21000,-23.5505199,15/05/1994
1000,15/05/1994,0,-46.63330939999999,70000,-23.5505199,15/05/1994
676,14/06/1997,3,-50.4374706,0,-22.6495713,14/06/1997
3400,04/10/2001,13,-44.1089923,0,-19.9342643,29/09/2001
150060,29/03/2004,4,-49.7353058,350000,-29.3449053,27/03/2004
344,03/01/2005,2,-49.4067989,0,-28.7402098,03/01/2005
2364,09/09/2009,4,-46.63330939999999,0,-23.5505199,09/09/2009
13864,22/09/2013,2,-49.2482452,90000,-23.5319631,21/09/2013
11037,20/04/2015,2,-52.4076471,2000,-26.8752149,20/04/2015
0,10/11/1981,0,25.6267167,0,43.0787142,10/11/1981
5000,08/03/1993,0,23.346717,0,42.698166,08/03/1993
0,24/12/2001,2,26.9365951,0,43.2708172,24/12/2001
0,/02/2005,0,23.346717,0,42.698166,/01/2005
40,08/07/2014,1,23.2994222,545000,42.6783425,08/07/2014
5500,16/09/1984,29,-25.141484,0,17.091237,16/09/1984
0,31/08/2015,9,-8.9751014,1100,39.5441394,31/08/2015
0,04/11/1997,25,105.9570341,10,13.5322159,01/11/1997
178091,30/09/2009,17,104.8879579,0,12.7264689,29/09/2009
0,03/11/2009,2,107.0380032,0,13.0726018,02/11/2009
2700,30/06/1912,28,-104.6318919,5000,50.466136,30/06/1912
0,17/06/1946,17,-82.8317503,500,42.3135156,17/06/1946
0,/11/1950,0,-104.6318919,0,50.466136,/11/1950
0,18/10/1954,83,-79.6272672,100000,43.7342013,05/10/1954
0,16/02/1959,6,-52.8658783,0,47.5097822,16/02/1959
0,12/10/1962,33,-113.8609167,0,52.3253846,12/10/1962
0,04/03/1966,0,-97.13837439999999,0,49.895136,04/03/1966
0,20/08/1970,10,-76.1405463,0,44.34005,20/08/1970
0,04/03/1971,0,-74.716357,0,45.018454,04/03/1971
0,/03/1975,14,-123.0678186,0,49.2090788,/03/1975
340,25/07/1975,0,-52.7120322,2500,47.5676334,25/07/1975
0,28/01/1977,0,-79.28366079999999,0,43.0449929,28/01/1977
0,28/07/1981,0,-114.0255289,79000,51.06124980000001,28/07/1981
1000,01/06/1985,12,-78.85975739999999,117000,43.8892224,29/05/1985
2400,14/05/1986,0,-113.8609167,0,52.3253846,14/05/1986
250,31/07/1987,26,-113.5571536,265000,53.58151429999999,31/07/1987
0,23/09/1989,0,-79.7614467,0,43.6278259,22/09/1989
0,07/09/1991,0,-114.0255289,500000,51.06124980000001,07/09/1991
304,05/08/1994,0,-75.6817452,0,45.0545915,05/08/1994
1000,01/08/1994,0,-99.3707457,3000,49.56198759999999,01/08/1994
0,11/09/1995,2,-113.8609167,100000,52.3253846,11/09/1995
0,15/09/1996,0,-113.8609167,100,52.3253846,08/09/1996
0,06/04/1997,1,-113.8609167,10000,52.3253846,04/04/1997
2000,10/01/1998,28,-72.51005909999999,1500000,45.3370179,04/01/1998
0,04/01/1999,7,-79.6272672,100,43.7342013,01/01/1999
4200,06/07/1999,0,-79.6814582,0,43.7987377,06/07/1999
840,14/07/2000,11,-76.1622486,13000,45.9560211,14/07/2000
30,10/02/2001,11,-75.3825421,0,45.96145449999999,10/02/2001
0,18/09/2003,0,-79.6373878,0,43.7359442,18/09/2003
200,29/09/2003,2,-79.7614467,110000,43.6278259,28/09/2003
0,/01/2004,0,-75.3825421,100000,45.96145449999999,/01/2004
0,19/02/2004,0,-79.7614467,0,43.6278259,19/02/2004
300,29/09/2005,0,-74.716357,0,45.018454,26/09/2005
0,15/02/2007,2,-76.1405463,0,44.34005,14/02/2007
0,26/12/2007,4,-79.6272672,0,43.7342013,23/12/2007
3,23/08/2009,0,-79.7614467,0,43.6278259,23/08/2009
0,03/08/2009,2,-66.7275068,500000,45.93475129999999,01/08/2009
0,28/12/2010,0,-66.7275068,0,45.93475129999999,26/12/2010
20,24/08/2011,1,-81.7479938,0,44.07608159999999,21/08/2011
0,29/08/2011,1,-66.7275068,0,45.93475129999999,28/08/2011
0,27/12/2012,0,-71.2303101,0,46.8245284,24/12/2012
0,12/08/2012,0,-114.0255289,1050000,51.06124980000001,12/08/2012
0,09/07/2013,0,-79.6272672,1410000,43.7342013,08/07/2013
0,/01/1957,26,-73.9753566,0,40.7516119,/01/1957
0,10/01/1999,0,-73.9753566,415000,40.7516119,08/01/1999
0,29/11/2005,19,-16.286307,375000,28.445424,27/11/2005
1850,18/11/1981,0,18.5332489,125,4.4775035,18/11/1981
3000,/03/2001,3,18.5524246,0,4.4139154,/03/2001
2472,18/01/2009,3,18.5524246,0,4.4139154,17/01/2009
10500,/04/2009,0,25.9576088,0,5.3152571,23/03/2009
8744,04/03/2013,0,18.5699947,0,4.3770448,04/03/2013
100,20/05/1977,13,15.5048168,0,10.4530379,20/05/1977
0,/08/1965,58,-71.62201,0,-33.0519512,/08/1965
0,23/07/1968,0,-122.5316547,0,37.9733258,23/07/1968
90000,20/06/1971,0,-71.62201,2500,-33.0519512,20/06/1971
16800,20/07/1977,15,-70.7190595,6800,-33.3679029,20/07/1977
242345,/07/1984,85,-70.7004875,0,-33.4600485,/07/1984
80828,/07/1984,42,-71.62201,0,-33.0519512,/07/1984
30806,15/06/1986,16,-71.5273413,0,-32.9302968,15/06/1986
20000,28/05/1992,0,-72.90677819999999,0,-36.8259318,26/05/1992
18000,07/06/1992,0,-70.680173,0,-33.3848409,06/06/1992
2000,04/06/1997,4,-72.9361569,0,-41.4562159,04/06/1997
250,20/06/1997,0,-70.6581769,0,-34.0349526,20/06/1997
2400,29/05/2001,2,-72.9385738,0,-41.4636011,29/05/2001
938,09/08/2015,6,-71.62201,0,-33.0519512,08/08/2015
0,/08/1912,50000,120.752858,0,27.968831,/08/1912
0,27/07/1922,100000,119.083251,0,33.570997,27/07/1922
0,/06/1948,1000,119.3202476,0,26.0718768,/06/1948
0,/09/1948,800,-69.4415812,0,44.53182169999999,/09/1948
0,/08/1956,2000,113.643451,0,34.719861,/08/1956
0,/08/1959,1064,-69.4415812,0,44.53182169999999,/08/1959
0,20/08/1959,720,119.5341039,0,26.6559986,20/08/1959
0,05/09/1964,686,-69.4415812,0,44.53182169999999,05/09/1964
14000,07/09/1970,107,114.075135,0,22.628721,07/09/1970
100,24/07/1980,188,113.9335654,0,22.5758302,24/07/1980
0,15/04/1981,0,114.2165516,0,30.77391,15/04/1981
11000,/04/1983,275,113.0931446,0,28.2316884,/04/1983
163,14/04/1983,54,119.5341039,0,26.6559986,14/04/1983
10200,/03/1983,30,121.195844,0,36.74825999999999,/03/1983
0,02/09/1983,82,-69.4415812,0,44.53182169999999,02/09/1983
0,03/11/1983,69,-69.4415812,0,44.53182169999999,03/11/1983
0,09/09/1984,13,121.195844,0,36.74825999999999,09/09/1984
0,//1984,0,127.340142,0,43.712311,//1984
0,/08/1984,0,-69.4415812,0,44.53182169999999,/08/1984
0,/04/1985,108,113.833945,0,22.999408,/04/1985
100000,27/06/1985,11,119.5341039,0,26.6559986,27/06/1985
101400,30/07/1985,177,120.3518721,0,30.31026559999999,30/07/1985
7500,/07/1986,36,104.0831099,3200,30.7557697,/07/1986
4001250,11/07/1986,172,113.9335654,380000,22.5758302,11/07/1986
381,21/07/1986,43,110.054181,54000,25.2237088,21/07/1986
0,/01/1986,0,94.90110430000001,0,36.387695,/01/1986
403500,22/05/1986,100,104.0831099,0,30.7557697,22/05/1986
2525,27/08/1986,8,121.119809,940000,31.448202,27/08/1986
400800,06/03/1987,2,117.222108,0,31.820134,06/03/1987
900086,19/06/1987,132,113.9335654,0,22.5758302,19/06/1987
9442,31/07/1987,29,126.64784,0,45.77532,31/07/1987
50860,15/08/1987,101,121.655691,0,38.926416,15/08/1987
25400,11/09/1987,102,118.073621,120000,24.442297,11/09/1987
0,09/06/1987,40,120.309272,0,36.069783,09/06/1987
0,29/06/1988,65,104.0831099,0,30.7557697,29/06/1988
50000,11/06/1988,70,119.987813,0,36.312803,11/06/1988
136232,08/08/1988,194,113.595527,0,37.867538,08/08/1988
51000,21/09/1988,6,117.6475855,0,39.0250368,21/09/1988
30007500,20/04/1989,157,121.471251,400000,31.221689,20/04/1989
7002696,19/09/1989,550,119.987813,485000,36.312803,19/09/1989
700,05/10/1989,31,126.552221,0,43.818686,05/10/1989
1000048,26/05/1989,84,121.195844,0,36.74825999999999,26/05/1989
0,/06/1989,67,108.872719,0,34.170448,/06/1989
0,21/07/1989,200,117.6475855,0,39.0250368,21/07/1989
0,/08/1989,26,117.193592,0,39.115868,/08/1989
10148,24/06/1990,56,118.073621,16000,24.442297,24/06/1990
5590288,29/06/1990,16,118.073621,28000,24.442297,29/06/1990
0,20/08/1990,144,119.5341039,157000,26.6559986,20/08/1990
0,09/11/1990,25,110.3465168,335,20.0199692,09/11/1990
0,04/04/1990,36,91.118478,0,29.669051,04/04/1990
100800,31/07/1990,108,121.195844,83000,36.74825999999999,31/07/1990
0,30/08/1990,115,121.119809,688000,31.448202,30/08/1990
0,08/09/1990,26,-69.4415812,154000,44.53182169999999,08/09/1990
200000,31/08/1990,68,120.3518721,743000,30.31026559999999,31/08/1990
550,16/11/1990,2,102.3461751,0,27.8276916,16/11/1990
0,16/07/1990,33,116.3692169,210000,39.0033323,15/07/1990
2291902,17/03/1991,69,113.1206049,28000,27.8382312,17/03/1991
1013939,25/07/1991,100,114.0325675,465330,22.6707757,20/07/1991
33424,13/08/1991,14,122.161922,110000,37.404378,13/08/1991
7141,10/07/1991,33,117.2915564,117560,31.7423664,10/07/1991
10000,08/03/1991,39,113.0931446,4800,28.2316884,07/03/1991
3300362,05/04/1992,35,106.6878517,68700,26.5564476,15/03/1992
7700000,21/04/1992,109,123.007905,96000,41.096056,20/04/1992
35088,09/07/1992,448,119.2934967,68700,26.0689346,03/07/1992
194283,/03/1992,0,120.309272,0,36.069783,/03/1992
0,08/08/1992,47,112.567062,110000,37.834171,08/08/1992
0,21/09/1992,53,91.12358599999999,425000,29.647222,21/09/1992
5000000,02/09/1992,168,119.987813,412400,36.312803,29/08/1992
0,03/05/1992,0,107.4354148,90000,31.1389155,01/05/1992
150379,24/04/1993,31,104.0831099,88000,30.7557697,24/04/1993
2000213,21/08/1993,28,121.195844,433920,36.74825999999999,21/08/1993
2000,/01/1993,15,120.332337,0,36.085661,/01/1993
22213,05/05/1993,93,105.9744856,41000,34.54589,05/05/1993
3000000,22/06/1993,10,113.9335654,219670,22.5758302,22/06/1993
500,09/08/1993,0,110.3388,7380,20.03704,09/08/1993
24428,10/09/1993,10,113.9335654,12610,22.5758302,10/09/1993
3000000,15/09/1993,7,113.9335654,263670,22.5758302,15/09/1993
250000,24/09/1993,1,113.9335654,286370,22.5758302,24/09/1993
200000,28/10/1993,0,113.9335654,15890,22.5758302,28/10/1993
1980579,15/05/1994,101,117.6475855,200000,39.0250368,01/05/1994
8488684,06/08/1994,90,113.3339915,700000,23.0956159,06/08/1994
440684,09/06/1994,74,121.195844,700,36.74825999999999,08/06/1994
4230000,13/07/1994,47,119.5341039,96300,26.6559986,10/07/1994
11001800,24/08/1994,1174,118.073621,1150000,24.442297,21/08/1994
15365,16/02/1995,4,108.3387564,0,22.8141579,16/02/1995
1860,02/03/1995,0,91.1655268,240,29.6632159,02/03/1995
293453,21/04/1995,54,130.362031,36100,46.820454,19/04/1995
5000000,13/08/1995,26,121.195844,160000,36.74825999999999,12/08/1995
25000,30/08/1995,445,121.195844,87000,36.74825999999999,30/08/1995
1232320,14/11/1995,152,117.0448349,120200,36.6575065,13/11/1995
202000,/01/1996,48,109.079987,68000,21.464047,/01/1996
164,19/04/1996,6,111.0010261,0,21.5122296,19/04/1996
0,29/07/1996,2,-69.4415812,48000,44.53182169999999,24/07/1996
10300,02/08/1996,44,118.073621,72000,24.442297,31/07/1996
15005000,12/09/1996,197,84.85882199999999,1500000,44.338211,08/09/1996
0,01/10/1996,38,121.195844,100000,36.74825999999999,20/09/1996
18,25/12/1996,36,123.956151,0,47.3645,25/12/1996
100000,10/08/1996,266,117.6475855,200000,39.0250368,06/08/1996
30000,09/05/1997,40,113.317502,0,23.103132,09/05/1997
330000,08/06/1997,30,106.945908,155000,27.711932,07/06/1997
425350,04/08/1997,65,119.0588382,579700,33.5878345,02/08/1997
837000,21/08/1997,140,119.987813,2700000,36.312803,15/08/1997
5650349,25/08/1997,7,113.9335654,330000,22.5758302,19/08/1997
0,16/01/1998,0,91.1655268,0,29.6632159,16/01/1998
0,19/04/1998,12,123.956151,135000,47.3645,18/04/1998
1426,25/04/1998,62,103.775974,0,36.062703,25/04/1998
0,29/10/1998,5,-69.4415812,98000,44.53182169999999,21/10/1998
11000038,20/05/1998,17,117.17783,37200,34.249164,20/05/1998
0,23/04/1999,22,114.2165516,0,30.77391,23/04/1999
15197,23/04/1999,5,104.0971068,8000,30.6717846,23/04/1999
901,16/05/1999,13,117.849842,0,37.161205,15/05/1999
541200,06/09/1999,192,120.752858,277900,27.968831,04/09/1999
150000,12/08/1999,200,112.4621263,180000,25.3825456,12/08/1999
1300,16/09/1999,18,126.560876,64300,43.814657,15/09/1999
123000,09/10/1999,30,118.015847,241600,24.641323,09/10/1999
12,23/08/1999,5,-69.5178478,18000,44.4780943,23/08/1999
1350000,/12/1999,11,121.181565,39900,31.898179,/12/1999
53,28/03/2000,16,123.3593402,0,41.79844749999999,28/03/2000
4500,01/05/2000,15,113.9335654,5000,22.5758302,01/05/2000
10,17/06/2000,33,118.6635273,0,24.8686303,17/06/2000
20500,13/07/2000,11,119.347895,480,33.2428617,13/07/2000
30,/08/2000,10,112.46225,13288,23.056743,/08/2000
4522,23/08/2000,11,120.9694433,69443,28.0283892,23/08/2000
37770,/08/2000,4,119.580376,10,34.190634,/08/2000
46000,06/09/2000,47,113.0931446,169000,28.2316884,01/09/2000
2400000,09/09/2000,6,110.3388,0,20.03704,09/09/2000
2574871,17/02/2001,49,116.0643659,12000,43.9393367,01/01/2001
3108000,25/06/2001,125,119.5341039,470000,26.6559986,23/06/2001
14998298,01/07/2001,33,109.2410137,2743000,21.6567759,01/07/2001
0,01/08/2001,100,113.9335654,40000,22.5758302,25/07/2001
23250,24/07/2001,0,113.9335654,85000,22.5758302,24/07/2001
11126,19/06/2001,0,82.0748684,0,44.8884892,19/06/2001
400039,07/07/2001,15,125.150429,0,42.90258499999999,07/07/2001
9,01/09/2001,12,101.7185114,0,26.5991765,01/09/2001
50245,26/03/2001,6,113.9335654,24000,22.5758302,25/03/2001
0,09/09/2001,4,113.9335654,213000,22.5758302,28/08/2001
100000000,21/03/2002,0,116.428053,0,39.906854,14/03/2002
2744,07/07/2002,5,121.5011918,85000,31.2379358,05/07/2002
200,19/07/2002,25,126.5751853,0,43.9157232,19/07/2002
7000040,08/09/2002,26,120.3803964,100000,27.5069883,07/09/2002
180000,13/09/2002,25,114.9156461,0,27.7961295,13/09/2002
220110,25/12/2002,27,110.0951089,33000,20.9137834,25/12/2002
90100,14/04/2003,1,113.9335654,0,22.5758302,14/04/2003
7400020,24/07/2003,20,108.353838,100000,21.635148,24/07/2003
200162,20/07/2003,2,118.3784706,0,31.3235036,19/07/2003
69925,03/09/2003,38,113.9335654,241000,22.5758302,01/09/2003
1720000,18/11/2003,0,110.3388,196938,20.03704,18/11/2003
907,21/04/2004,7,123.413196,6000,41.787901,21/04/2004
640032,20/06/2004,0,121.4904179,12700,31.2929768,20/06/2004
46000,30/05/2004,46,106.467519,0,29.552196,26/05/2004
