affected,end_date,deaths,lon,damage,lat,start_date
300002,03/09/2010,0,172.631093,6500000,-43.510095,03/09/2010
301500,21/02/2011,181,172.631093,15000000,-43.510095,21/02/2011
345,13/06/2011,1,172.5966677,3000000,-43.2767373,13/06/2011
13840,21/07/2013,0,174.7741187,50000,-41.2850836,21/07/2013
50,13/11/2016,2,172.8460192,3900000,-42.7766109,13/11/2016
0,04/02/1906,1000,-86.0414878,0,12.0338949,04/02/1906
0,31/03/1931,1000,-86.2742602,15000,12.1508994,31/03/1931
0,/08/1951,500,-96.9293785,0,19.5202228,/08/1951
2000,04/01/1968,0,-86.2742602,2000,12.1508994,04/01/1968
720000,23/12/1972,10000,-86.2742602,845000,12.1508994,23/12/1972
0,03/04/1990,0,-85.8188874,0,11.4372451,03/04/1990
6179,01/09/1992,179,-86.4936531,25000,12.7754757,01/09/1992
12281,11/04/2014,2,-86.31485599999999,3000,12.0561508,11/04/2014
0,31/05/1935,60000,67.05490379999999,0,30.2203956,31/05/1935
0,27/11/1945,4000,64.307608,0,25.4775565,27/11/1945
50200,28/12/1974,4700,67.01558229999999,3255,24.8115702,28/12/1974
2000,12/09/1981,250,73.0367014,0,33.726654,12/09/1981
543,31/12/1983,24,66.4384031,3000,30.954647,31/12/1983
12038,29/07/1985,5,72.4677086,2000,36.2723293,29/07/1985
750,16/10/1986,0,66.5984881,0,27.8018286,16/10/1986
40,04/03/1990,11,67.004532,1000,24.8690037,04/03/1990
6,17/06/1990,0,66.9553131,0,30.0439471,17/06/1990
204794,31/01/1991,300,71.90382389999999,10000,34.5143146,31/01/1991
0,28/08/1992,4,67.05490379999999,0,30.2203956,28/08/1992
2100,20/05/1992,36,71.4360588,0,33.9920914,20/05/1992
611,20/02/1998,1,72.35875589999999,0,34.0514205,20/02/1998
914292,26/01/2001,12,69.01133519999999,500,24.4655243,26/01/2001
0,03/03/2002,3,71.66342879999999,0,34.8036096,03/03/2002
5128309,08/10/2005,73338,72.672826,5200000,34.9002785,08/10/2005
75320,28/10/2008,166,67.35068679999999,10000,30.7197484,28/10/2008
1000,18/01/2011,2,68.4089577,0,28.2550783,18/01/2011
185749,24/09/2013,399,62.40656019999999,100000,25.3387124,24/09/2013
50,28/09/2013,22,62.40656019999999,0,25.3387124,28/09/2013
502590,25/10/2015,280,73.0449551,0,33.6356132,25/10/2015
85,25/12/2015,3,71.4360588,0,33.9920914,25/12/2015
142,10/04/2016,6,71.7912525,0,34.0047601,10/04/2016
18060,22/04/1991,30,-82.2462407,0,9.3639637,22/04/1991
2036,04/05/1991,0,-82.47967539999999,0,9.4131293,04/05/1991
340,13/08/2003,0,-79.9046752,0,9.3640946,13/08/2003
1075,25/12/2003,2,-82.8599294,0,8.2738207,25/12/2003
0,31/10/1970,15,145.324493,1750,-4.845004,31/10/1970
0,22/12/1983,10,147.6637402,0,-9.158473899999999,22/12/1983
1000,24/06/1986,0,142.004546,500,-4.309134,24/06/1986
0,07/06/1990,0,145.516778,0,-4.5774142,07/06/1990
20200,13/10/1993,53,145.3899336,5000,-6.081993499999999,13/10/1993
9867,17/07/1998,2182,141.3,0,-4.933333,17/07/1998
4470,08/09/2002,4,143.6444046,0,-3.5716108,08/09/2002
200,04/06/2005,1,146.9970895,0,-6.6670554,04/06/2005
0,04/10/1913,150,-71.98714570000001,0,-13.5154539,04/10/1913
0,24/05/1940,249,-77.101644,0,-12.0437423,24/05/1940
0,30/01/1943,200,-77.04414140000002,0,-11.9803224,30/01/1943
0,10/11/1946,1400,-75.2073736,0,-12.0710847,10/11/1946
0,01/11/1947,233,-74.6382701,0,-11.2451035,01/11/1947
200,21/05/1950,83,-71.9847338,0,-13.5349436,21/05/1950
0,12/12/1953,7,-77.1020848,0,-12.0445238,12/12/1953
0,15/01/1958,28,-71.5330946,0,-16.3998901,15/01/1958
0,13/01/1960,57,-71.5330946,0,-16.3998901,13/01/1960
108356,17/10/1966,120,-122.4442972,15000,38.2668735,17/10/1966
420,19/06/1968,11,-76.9441746,100,-6.047451,19/06/1968
3216,01/10/1969,150,-71.52908359999999,5000,-16.4373788,01/10/1969
3216240,31/05/1970,66794,-71.53239669999999,530000,-16.4369222,31/05/1970
15252,09/12/1970,29,-80.7078034,2000,-5.164174699999999,09/12/1970
1575000,/03/1972,12,-76.728707,20000,-7.1650651,/03/1972
43674,03/10/1974,78,-76.909312,10000,-12.1981364,03/10/1974
1100,16/02/1979,13,-71.5330946,0,-16.3998901,16/02/1979
3000,09/11/1980,7,-77.03412829999999,0,-12.1127694,09/11/1980
12256,22/06/1981,10,-77.03412829999999,0,-12.1127694,22/06/1981
15,18/04/1981,8,-77.03412829999999,0,-12.1127694,18/04/1981
0,28/03/1982,3,-76.9124652,0,-12.2391764,28/03/1982
0,14/04/1983,10,-71.53239669999999,0,-16.4369222,14/04/1983
400,21/08/1985,0,-77.0084921,0,-12.0507229,21/08/1985
8080,05/04/1986,15,-71.53239669999999,22000,-16.4369222,05/04/1986
100,11/01/1986,1,-77.08088359999999,0,-11.9984043,11/01/1986
45750,04/04/1991,53,-78.4980037,0,-7.1787091,04/04/1991
1535,24/07/1991,11,-71.76844059999999,0,-15.6413503,24/07/1991
145,18/04/1993,6,-80.6248305,0,-5.1936388,18/04/1993
752,21/02/1996,7,-122.4289137,0,37.7282247,21/02/1996
75970,12/11/1996,14,-75.15939110000001,0,-15.3676776,12/11/1996
1550,03/04/1999,1,-77.1233901,0,-12.0399956,03/04/1999
349978,23/06/2001,145,-71.5330946,300000,-16.3998901,23/06/2001
3965,09/08/2001,4,-77.0365959,0,-12.1269806,09/08/2001
0,13/06/2005,0,-71.5330946,50,-16.3998901,13/06/2005
2505,26/09/2005,5,-76.9441746,0,-6.047451,26/09/2005
658331,15/08/2007,593,-76.1969166,600000,-13.7152208,15/08/2007
2681,28/10/2011,1,-75.740979,0,-14.0450351,28/10/2011
4435,30/01/2012,0,-75.15939110000001,0,-15.3676776,30/01/2012
7084,25/09/2013,0,-71.5330946,0,-16.3998901,25/09/2013
11182,14/08/2016,4,-79.8330883,0,-6.7846208,14/08/2016
257,01/12/2016,1,-71.5717537,0,-16.37683,01/12/2016
0,25/01/1948,27,122.9555142,0,10.6883181,25/01/1948
101,02/07/1954,13,121.0469028,0,14.5506214,02/07/1954
0,/08/1967,200,121.0469028,0,14.5506214,/08/1967
261,02/08/1968,271,121.0469028,5000,14.5506214,02/08/1968
200,07/04/1970,14,121.0469028,0,14.5506214,07/04/1970
64,17/03/1973,14,121.0469028,450,14.5506214,17/03/1973
60030,19/03/1977,1,124.6500644,100,8.4692013,19/03/1977
190,12/12/1999,6,121.0469028,1794,14.5506214,12/12/1999
1050,04/06/1982,0,18.921316,0,50.43198590000001,04/06/1982
0,//1918,116,-66.6133213,0,18.4338406,//1918
0,06/10/1908,0,26.7016107,0,48.2405023,06/10/1908
0,12/05/1912,0,26.7016107,0,48.2405023,12/05/1912
0,14/06/1913,0,26.7016107,0,48.2405023,14/06/1913
0,26/01/1916,0,26.7016107,0,48.2405023,26/01/1916
0,14/04/1928,0,26.7016107,0,48.2405023,14/04/1928
0,29/03/1934,0,26.7016107,0,48.2405023,29/03/1934
0,10/11/1940,980,26.096638,10000,44.4275721,10/11/1940
0,07/09/1945,0,26.7016107,0,48.2405023,07/09/1945
0,09/12/1945,0,26.7016107,0,48.2405023,09/12/1945
386300,04/03/1977,1641,26.096638,2000000,44.4275721,04/03/1977
1643,17/01/2002,45,29.2614966,0,-1.6863481,17/01/2002
643,03/02/2008,36,29.2614966,0,-1.6863481,03/02/2008
0,29/11/2007,0,-60.92750100000001,0,14.09064,29/11/2007
27030,03/11/2010,2,20.6986097,132260,43.7203424,03/11/2010
4830,26/12/2004,3,55.5213833,30000,-4.7042356,26/12/2004
700,12/04/1998,0,13.5416508,0,46.3315205,12/04/1998
605,12/07/2004,1,13.5543304,10000,46.248281,12/07/2004
0,03/10/1931,50,-76.59907369999999,0,38.8050803,03/10/1931
0,30/04/1939,12,-76.59907369999999,0,38.8050803,30/04/1939
1001,21/04/1977,34,160.2192533,0,-9.4462229,21/04/1977
3713,08/12/2016,0,160.7921433,0,-8.3695519,08/12/2016
0,12/02/1920,0,18.62084,0,-34.06307,12/02/1920
1000,29/09/1969,9,18.6422917,0,-33.8237472,29/09/1969
0,/11/1982,17,26.78157,0,-26.9729,/11/1982
310,27/06/1987,9,18.62084,0,-34.06307,27/06/1987
28,05/01/1988,8,18.62084,0,-34.06307,05/01/1988
6,18/10/1990,10,27.4980891,0,-26.3233993,18/10/1990
46,21/07/1997,15,26.7910331,0,-26.8382643,21/07/1997
58,09/03/2005,2,26.616847,20000,-26.8917391,09/03/2005
2002,05/08/2014,1,26.616847,0,-26.8917391,05/08/2014
0,13/04/1923,18,158.6401889,0,53.055637,13/04/1923
882,//1931,231,44.6259236,0,40.2772654,//1931
1189,//1934,456,44.6259236,0,40.2772654,//1934
0,//1980,87,-122.4007418,5000,37.8015774,//1980
1642000,07/12/1988,25000,44.6259236,14000000,40.2772654,07/12/1988
70,/04/1956,11,-3.618484800000001,0,37.1845294,/04/1956
20,02/02/1999,0,-1.4432732,44004,38.0705333,02/02/1999
15300,11/05/2011,10,-5.9208425,200000,37.2932107,11/05/2011
1019306,26/12/2004,35399,80.6179094,1316500,7.371361599999999,26/12/2004
15,01/08/1993,3,32.5911749,0,15.5541433,01/08/1993
0,16/07/1935,2700,120.3712589,0,23.8991789,16/07/1935
62485,18/01/1964,107,120.3712589,0,23.8991789,18/01/1964
46,15/11/1986,13,121.540962,0,25.0515352,15/11/1986
108664,21/09/1999,2264,120.6571319,14100000,23.8599917,21/09/1999
254,22/10/1999,1,120.4817997,800,23.4802312,22/10/1999
42,26/12/2006,2,120.5052213,0,22.6828367,26/12/2006
96,04/03/2010,0,120.5562768,1000000,24.0806905,04/03/2010
1519,02/06/2013,4,120.5562768,1100,24.0806905,02/06/2013
97,27/03/2013,1,120.952934,1000,23.969569,27/03/2013
525,06/02/2016,117,120.25531,0,23.000378,06/02/2016
0,19/07/2011,0,69.60148749999999,0,40.2952166,19/07/2011
0,19/05/1901,0,35.7516069,0,-6.162959000000001,19/05/1901
0,19/07/1908,0,35.7516069,0,-6.162959000000001,19/07/1908
0,10/12/1913,0,35.7516069,0,-6.162959000000001,10/12/1913
0,26/12/2004,10,39.2874756,0,-6.8179766,26/12/2004
0,/06/1955,500,102.6085559,0,15.8351419,/06/1955
0,12/07/1995,0,99.84198939999999,0,19.8916596,12/07/1995
67007,26/12/2004,8345,98.38502899999999,1000000,7.885135099999999,26/12/2004
16,24/03/2011,1,99.84198939999999,0,19.8916596,24/03/2011
17523,05/05/2014,1,99.84198939999999,62000,19.8916596,05/05/2014
2003,04/11/2015,0,125.5800197,4000,-8.5537349,04/11/2015
5505,23/06/1977,1,-175.142205,1200,-21.242525,23/06/1977
17,22/04/1997,0,-61.52256069999999,25000,10.6872894,22/04/1997
0,20/02/1957,13,10.1997442,0,36.742285,20/02/1957
0,29/04/1903,6000,34.232635,0,36.5648627,29/04/1903
1575,09/08/1912,923,27.1274572,0,40.6179016,09/08/1912
800,19/04/1938,149,34.261867,0,39.263957,19/04/1938
0,21/11/1939,43,29.2260815,0,40.903289,21/11/1939
0,26/12/1939,32962,29.2192784,20000,40.9102174,26/12/1939
68,22/09/1939,60,31.4194708,0,41.2819098,22/09/1939
0,20/02/1940,37,35.4903749,0,38.3907778,20/02/1940
0,20/12/1942,3000,36.9536019,0,40.590542,20/12/1942
0,26/11/1942,4000,-100.9197982,0,34.3275516,26/11/1942
5000,26/11/1943,2824,32.4755303,0,37.8520138,26/11/1943
0,01/02/1944,3959,32.8544278,0,39.9022333,01/02/1944
0,06/10/1944,27,26.7062947,0,39.3326745,06/10/1944
0,//1948,260,30.6144767,0,36.849764,//1948
355,17/08/1949,437,32.834684,0,39.9717705,17/08/1949
150,13/08/1951,54,29.0598333,0,40.1833106,13/08/1951
0,22/10/1952,18,35.5807611,0,36.9877269,22/10/1952
250,03/01/1952,62,32.5288799,0,37.8844676,03/01/1952
50000,18/03/1953,1200,27.575844,0,39.7488573,18/03/1953
100,28/04/1957,23,28.946316,0,41.027916,28/04/1957
119,26/05/1957,53,31.4875699,0,40.720793,26/05/1957
267,//1962,97,32.5119373,0,37.837074,//1962
13100,06/10/1964,23,28.4101387,5000,40.0346892,06/10/1964
0,03/07/1966,14,41.5047764,0,38.7593488,03/07/1966
109500,19/08/1966,2394,32.828986,20000,39.973791,19/08/1966
326073,22/07/1967,183,-100.9197982,3000,34.3275516,22/07/1967
0,03/09/1968,29,32.866599,0,40.000775,03/09/1968
350,28/03/1969,41,28.530566,0,38.3444294,28/03/1969
83448,28/03/1970,1086,27.210129,55600,38.460215,28/03/1970
0,02/05/1971,57,30.2980774,0,37.7317025,02/05/1971
88665,22/05/1971,878,29.086452,5000,41.004604,22/05/1971
53372,06/09/1975,2385,40.643379,17000,38.4618859,06/09/1975
6,25/03/1976,2,-100.9197982,0,34.3275516,25/03/1976
28,19/08/1976,4,27.846113,0,37.837769,19/08/1976
216000,24/11/1976,3840,32.90770800000001,25000,39.954216,24/11/1976
2645,15/02/1978,0,32.5119373,0,37.837074,15/02/1978
834137,30/10/1983,1346,59.55759980000001,25000,36.3130972,30/10/1983
375035,18/10/1984,3,32.84315700000001,0,39.956653,18/10/1984
579,07/11/1985,0,32.868527,0,39.930282,07/11/1985
165,12/08/1985,0,28.9965639,0,41.0904831,12/08/1985
20100,05/05/1986,15,31.085344,0,36.91402900000001,05/05/1986
1003,11/10/1986,0,27.318909,0,38.219047,11/10/1986
348850,13/03/1992,653,39.4564503,750000,39.7558884,13/03/1992
160240,01/10/1995,94,32.846068,205800,40.007122,01/10/1995
26006,14/08/1996,0,35.2921488,30000,40.5266507,14/08/1996
1589600,28/06/1998,145,35.8072238,550000,37.4499406,28/06/1998
1016,04/07/1998,0,37.15233,0,38.2983637,04/07/1998
690,14/12/1998,2,34.715515,0,38.625088,14/12/1998
1358953,17/08/1999,17127,30.0147931,20000000,40.7128023,17/08/1999
422,13/09/1999,6,29.9385823,0,40.7609447,13/09/1999
103,05/10/1999,0,36.3177127,0,41.3071085,05/10/1999
166,31/08/1999,1,30.0147931,0,40.7128023,31/08/1999
200,11/11/1999,3,30.36444,0,40.759436,11/11/1999
224948,12/11/1999,845,31.159206,1000000,40.898903,12/11/1999
1000,07/05/2000,1,-89.318045,0,44.44241330000001,07/05/2000
23080,06/06/2000,2,32.8571989,0,39.9376901,06/06/2000
480,25/06/2001,0,36.273646,0,37.0546383,25/06/2001
131,10/07/2001,0,41.2833973,0,39.8973139,10/07/2001
252327,03/02/2002,42,31.0452903,95000,38.71623719999999,03/02/2002
2,27/01/2003,1,39.8480116,0,39.6039498,27/01/2003
290520,01/05/2003,177,29.086452,135000,41.004604,01/05/2003
240,26/07/2003,0,28.8501413,0,38.0450226,26/07/2003
170,10/04/2003,0,26.8272873,0,38.2102186,10/04/2003
4030,25/03/2004,9,35.4774381,0,38.7075273,25/03/2004
32530,28/03/2004,0,35.4774381,0,38.7075273,28/03/2004
356,01/07/2004,18,44.0837796,0,39.5417929,01/07/2004
422,25/01/2005,2,39.53670959999999,0,39.0894498,25/01/2005
3600,08/03/2010,51,32.497775,0,37.854397,08/03/2010
10121,19/05/2011,3,28.9688381,244000,39.08852479999999,19/05/2011
32938,23/10/2011,604,36.31353190000001,1500000,41.2848595,23/10/2011
105,09/11/2011,40,43.4207815,0,38.5203084,09/11/2011
324,24/05/2014,0,27.516471,0,40.983453,24/05/2014
0,06/12/2000,11,54.3564764,0,39.5180864,06/12/2000
5510,20/03/1966,104,30.2474535,1500,0.6548417,20/03/1966
2000,08/08/1988,0,33.2027075,0,0.4230016,08/08/1988
0,24/05/1990,0,32.5941552,0,0.3502952,20/05/1990
0,18/04/1906,2000,-122.485965,524000,37.7554159,18/04/1906
0,22/06/1915,6,-114.6207554,1000,32.6766683,22/06/1915
0,29/06/1925,13,-120.5626996,8000,34.7124282,29/06/1925
0,11/03/1933,116,-74.226406,38500,39.5805204,11/03/1933
0,19/05/1940,9,-114.6207554,33000,32.6766683,19/05/1940
0,01/04/1946,165,-154.9710279,25000,19.5545944,01/04/1946
0,13/04/1949,8,-122.1662534,80000,47.5847382,13/04/1949
0,21/07/1952,14,-119.0252393,50000,35.3844462,21/07/1952
0,22/08/1952,2,-118.1826186,30000,34.8604346,22/08/1952
0,04/11/1952,0,-154.9710279,900,19.5545944,04/11/1952
0,23/05/1960,61,-154.9710279,0,19.5545944,23/05/1960
0,29/04/1965,7,-122.2958328,28000,47.6016491,29/04/1965
1000,09/02/1971,65,-93.29748529999999,535000,44.9521807,09/02/1971
2,27/07/1980,0,-84.504925,0,39.054398,27/07/1980
2200,01/10/1987,8,-118.1923877,213000,33.808011,01/10/1987
94,24/11/1987,0,-114.6207554,4000,32.6766683,24/11/1987
3757,18/10/1989,62,-122.485965,5600000,37.7554159,18/10/1989
315,26/06/1989,5,-154.9710279,0,19.5545944,26/06/1989
30,28/02/1990,0,-121.464619,12700,38.5843686,28/02/1990
120,30/03/1990,0,-104.9270121,0,39.75656499999999,30/03/1990
32,22/04/1992,0,-118.284756,100000,34.0294857,22/04/1992
3000,21/09/1993,2,-121.0496185,7500,42.89383979999999,21/09/1993
27000,17/01/1994,60,-118.4668091,30000000,33.9810276,17/01/1994
225,26/12/1994,0,-73.9846167,2100,40.7437887,26/12/1994
400,28/02/2001,1,-122.2958328,2000000,47.6016491,28/02/2001
160,22/12/2003,2,-120.6967363,200000,35.6432411,22/12/2003
3529,15/10/2006,0,-154.9710279,150000,19.5545944,15/10/2006
2103,21/02/2008,0,-87.08792509999999,0,45.78015509999999,21/02/2008
3250,24/08/2014,1,-122.4229199,700000,37.7455459,24/08/2014
50000,15/05/1992,9,66.9829998,0,39.6441452,15/05/1992
0,19/07/2011,13,71.8852966,0,40.3369262,19/07/2011
0,/07/1985,0,168.2857847,0,-17.7827712,/07/1985
0,19/02/1990,0,168.2857847,0,-17.7827712,19/02/1990
0,05/03/1990,0,168.3194985,0,-17.6999984,05/03/1990
0,13/08/1994,0,167.4171728,0,-16.1065016,13/08/1994
500,03/01/2002,0,168.2857847,0,-17.7827712,03/01/2002
81536,29/07/1967,240,-66.89655130000001,50000,10.504936,29/07/1967
0,//1981,15,35.90045,5000,31.943316,//1981
20,13/03/1993,5,-176.179787,0,-13.282452,13/03/1993
40039,22/11/1991,10,10.1836075,0,36.8107869,22/11/1991
21870,30/11/1967,7,21.4737076,20000,41.9878663,30/11/1967
15030,03/11/1968,1,19.2618917,38600,42.4429281,03/11/1968
286116,26/10/1969,15,17.1963358,50000,44.7709659,26/10/1969
310100,15/04/1979,121,19.2618917,450000,42.4429281,15/04/1979
120,30/05/1990,8,-99.0317405,0,19.5598821,30/05/1990
