affected,end_date,deaths,lon,damage,lat,start_date
690,15/11/2010,3,4.359160399999999,238146,50.85476360000001,11/11/2010
17000,/12/1979,0,-88.76623889999999,0,17.2546932,/12/1979
0,20/05/1990,0,-88.19070630000002,2200,17.5062139,20/05/1990
2600,/10/1995,0,-88.19070630000002,500,17.5062139,/10/1995
38000,12/11/2008,1,-89.0766604,9697,17.1606374,19/10/2008
20000,19/10/2015,0,-88.19070630000002,0,17.5062139,15/10/2015
580000,03/06/1982,0,1.8692193,0,6.414749,03/06/1982
475000,/10/1985,61,1.8692193,4800,6.414749,/10/1985
84000,/09/1988,0,2.6362413,0,9.3361199,/09/1988
123000,/07/1995,20,1.8692193,3100,6.414749,/07/1995
148727,29/09/1996,11,2.3668426,0,7.2189047,29/09/1996
51000,24/06/1997,0,2.4207527,0,6.352583699999999,24/06/1997
420000,/08/1998,0,1.3800817,0,10.3212898,/08/1998
10884,/09/2007,10,1.2440714,0,6.1710311,/07/2007
59419,/08/2009,3,1.7080958,0,6.6179162,/08/2009
5840,/07/2011,0,1.7131505,0,6.641633199999999,20/06/2011
600,06/10/1994,22,89.869473,0,27.5674062,06/10/1994
9000,/06/2001,0,18.7911759,0,44.87647750000001,/06/2001
275000,14/04/2004,0,18.380621,0,43.8435928,06/04/2004
3000,03/04/2004,0,17.4485495,0,44.0519464,23/03/2004
3100,09/12/2005,0,15.8606665,0,44.8141487,06/12/2005
14910,22/06/2010,0,18.3975117,87000,44.8876995,20/06/2010
20000,05/12/2010,3,17.2276243,0,43.7168867,03/12/2010
1000000,20/05/2014,25,16.6678315,436580,44.76532659999999,13/05/2014
600,06/08/2014,1,17.1996,0,44.78614630000001,06/08/2014
0,15/09/2014,0,15.9371599,0,44.9579335,14/09/2014
0,16/10/2015,0,16.8145949,0,45.1767123,14/10/2015
1000,19/01/1972,0,27.8183473,50,-21.9800052,19/01/1972
12007,/02/1988,8,27.8183473,0,-21.9800052,/02/1988
5500,19/02/1995,20,25.9352066,0,-24.6201896,19/02/1995
138776,/02/2000,3,25.936947,5000,-24.6725765,/02/2000
4960,02/06/2004,0,23.4329607,0,-19.8785979,01/02/2004
867,/03/2009,0,25.9362264,0,-24.6735958,/03/2009
3789,01/07/2009,0,25.936947,0,-24.6725765,10/05/2009
0,/03/2011,0,25.9362264,0,-24.6735958,/03/2011
0,/12/1948,200,-92.94327229999999,0,40.7394878,/12/1948
0,/12/1957,112,-92.94327229999999,0,40.7394878,/12/1957
0,/09/1959,100,-92.94327229999999,0,40.7394878,/09/1959
15000,/04/1964,0,-75.8398102,0,41.2663306,/04/1964
5000,05/07/1964,0,-52.5923009,500,-23.656009,05/07/1964
30000,/06/1965,16,-48.208794,7000,-13.5301046,/06/1965
240000,16/08/1965,6,-92.94327229999999,10000,40.7394878,16/08/1965
53581,11/01/1966,373,-43.3737893,51000,-22.8426301,11/01/1966
154557,21/05/1966,147,-38.3260615,9914,-12.706893,21/05/1966
0,/03/1966,40,-92.94327229999999,0,40.7394878,/03/1966
22093,23/01/1967,785,-92.94327229999999,7800,40.7394878,23/01/1967
87000,30/03/1967,0,-56.0673525,5000,-9.842251,30/03/1967
15000,20/09/1967,0,-49.4683145,1000,-29.035031,20/09/1967
65450,28/12/1967,35,-92.94327229999999,1500,40.7394878,28/12/1967
38305,14/03/1969,316,-56.0673525,5770,-9.842251,14/03/1969
104371,21/07/1970,172,-34.9317513,46000,-8.0856197,21/07/1970
0,26/02/1971,130,-43.17528840000001,0,-22.9186215,26/02/1971
13000,26/04/1971,109,-38.3260615,5200,-12.706893,26/04/1971
0,26/03/1973,20,-92.94327229999999,16000,40.7394878,26/03/1973
325000,/03/1974,205,-46.6871447,121000,-23.4589294,/03/1974
828000,18/07/1975,118,-48.208794,254900,-13.5301046,18/07/1975
125000,/05/1977,2,-34.9317513,0,-8.0856197,/05/1977
6000,09/08/1977,0,-46.4823218,0,-23.6717422,09/08/1977
0,/01/1977,60,-92.94327229999999,0,40.7394878,/01/1977
1000,/01/1978,26,-42.0391397,0,-22.8876479,/01/1978
1500000,/01/1979,300,-42.55395619999999,0,-19.4595141,/01/1979
1000,/01/1980,17,-43.950321,0,-19.781345,/01/1980
270000,/02/1980,50,-92.94540930000001,0,40.7780594,/02/1980
50000,/04/1981,30,-41.4537623,0,-4.4338427,/04/1981
2300,02/12/1981,67,-43.22299659999999,0,-22.9027704,02/12/1981
3008300,/01/1983,68,-43.950321,12000,-19.781345,/01/1983
330000,/05/1983,75,-95.440992,338000,30.866568,/05/1983
50000,/04/1984,30,-34.9317513,0,-8.0856197,/04/1984
159600,/06/1984,17,-46.4823218,1000000,-23.6717422,/06/1984
120400,/06/1984,10,-44.1089923,1000000,-19.9342643,/06/1984
60000,/12/1984,200,-42.55395619999999,0,-19.4595141,/12/1984
1500,/05/1984,6,-34.884246,0,-7.121521,/05/1984
600000,/04/1985,100,-42.2325569,200000,-15.8031591,/04/1985
8335,/04/1986,28,-46.4823218,0,-23.6717422,/04/1986
9000,26/01/1987,95,-46.7147818,62000,-23.3066924,26/01/1987
1500,25/12/1987,12,-42.55395619999999,0,-19.4595141,25/12/1987
3020734,02/02/1988,289,-38.3895145,1000000,-12.3726465,02/02/1988
50000,/07/1988,66,-51.1400845,30000,-29.7192274,/07/1988
1000,//1988,300,-92.94327229999999,0,40.7394878,//1988
305944,21/04/1989,44,-46.5751953,0,-23.4485213,21/04/1989
528000,19/07/1989,35,-42.2325569,0,-15.8031591,19/07/1989
200000,28/12/1989,35,-38.4475783,0,-12.9487751,28/12/1989
0,12/04/1989,23,-34.884246,0,-7.121521,12/04/1989
2000,15/10/1990,17,-44.1089923,0,-19.9342643,14/10/1990
800,19/04/1990,7,-43.17528840000001,0,-22.9186215,18/04/1990
17000,31/03/1991,20,-46.63330939999999,2000,-23.5505199,19/03/1991
19500,12/02/1992,41,-42.55395619999999,25800,-19.4595141,01/02/1992
1000,05/01/1992,25,-51.1543362,0,-29.6725227,04/01/1992
125493,02/07/1992,29,-50.3779033,0,-27.4841827,01/04/1992
1500,01/03/1992,12,-52.6045327,0,-28.591192,24/02/1992
3500,22/04/1995,2,-38.3349808,0,-12.8974475,22/04/1995
300,14/12/1995,16,-42.55395619999999,0,-19.4595141,14/12/1995
30000,25/12/1995,92,-44.1089923,3000,-19.9342643,25/12/1995
7000,04/01/1996,15,-46.63330939999999,0,-23.5505199,01/01/1996
37200,06/01/1997,70,-42.55395619999999,0,-19.4595141,06/01/1997
5000,27/01/1997,20,-46.63330939999999,0,-23.5505199,22/01/1997
20000,22/10/1997,0,-46.4823218,0,-23.6717422,15/10/1997
5000,02/03/1998,3,-50.4374706,0,-22.6495713,02/03/1998
0,08/05/1998,0,-92.94327229999999,1000,40.7394878,11/04/1998
32000,//1998,3,-39.1889945,0,-5.6767574,//1998
2000,30/07/1998,7,-35.2392658,0,-5.8254323,30/07/1998
8500,14/10/1998,0,-56.5610657,0,-13.7731898,03/10/1998
0,/03/1999,7,-46.6339501,0,-23.5342666,/03/1999
70000,06/01/2000,26,-43.3737893,0,-22.8426301,01/01/2000
10000,18/09/2000,3,-34.891534,0,-8.109855999999999,16/09/2000
5000,15/10/2000,6,-51.4939853,0,-28.577083,12/10/2000
2000,26/12/2000,13,-44.0073266,0,-20.0084803,17/12/2000
4000,26/04/2001,23,-56.0377532,0,-15.565749,25/04/2001
1946,25/12/2001,50,-43.3737893,45000,-22.8426301,24/12/2001
5100,23/11/2001,12,-46.7340629,0,-23.5454597,19/11/2001
1500,05/02/2002,17,-46.5205614,0,-23.6200891,03/02/2002
2000,19/06/2002,0,-55.366667,0,-20.783333,12/06/2002
10511,24/01/2003,54,-43.17528840000001,0,-22.9186215,14/01/2003
2000,31/10/2003,4,-51.4939853,0,-28.577083,27/10/2003
2000,29/11/2003,7,-39.3746994,0,-17.8931272,29/11/2003
175470,19/02/2004,161,-40.5063545,303000,-9.381148699999999,/12/2003
16000,04/02/2003,29,-40.3968347,0,-18.7124447,11/01/2003
2254,02/06/2004,28,-35.7139896,370,-9.6611988,01/06/2004
3000,18/06/2004,7,-35.8960684,0,-7.235354999999999,17/06/2004
10000,11/02/2005,19,-61.46345419999999,0,-11.433915,29/01/2005
31000,04/06/2005,28,-34.9317513,0,-8.0856197,01/06/2005
0,30/01/2006,12,-42.0391397,0,-22.8876479,27/01/2006
116000,23/04/2006,8,-63.0480633,0,-9.9216532,25/03/2006
200080,12/01/2007,59,-42.6748009,125000,-22.0476614,01/01/2007
4000,30/09/2007,4,-51.4939853,0,-28.577083,24/09/2007
2272,27/10/2007,6,-43.4278898,0,-22.7517855,24/10/2007
49506,16/01/2008,4,-46.3538366,0,-23.676254,12/01/2008
12870,06/02/2008,9,-40.7739676,0,-20.8923591,02/02/2008
190000,04/04/2008,36,-52.5923009,360000,-23.656009,30/03/2008
1500015,24/11/2008,151,-52.9856955,750000,-27.073638,22/11/2008
1048,27/01/2009,16,-43.17528840000001,0,-22.9186215,20/01/2009
1150900,14/05/2009,56,-46.5751953,550000,-23.4485213,22/04/2009
2500,28/05/2009,4,-46.5383675,0,-23.658021,28/05/2009
18000,21/06/2009,0,-60.0568894,0,-3.1026411,20/06/2009
200,13/11/2009,3,-43.34342059999999,0,-22.9398644,12/11/2009
10000,30/11/2009,11,-51.4939853,50000,-28.577083,21/11/2009
680000,02/11/2009,0,-40.2814162,0,-20.2370578,02/11/2009
74938,12/04/2010,256,-43.0525653,200000,-22.9565801,04/04/2010
157000,23/06/2010,72,-46.8959993,602000,-24.2344007,19/06/2010
13000,/01/2011,35,-42.55395619999999,0,-19.4595141,/11/2010
45000,12/01/2011,900,-38.9034591,1000000,-12.232259,11/01/2011
31000,18/03/2011,10,-44.1089923,0,-19.9342643,12/03/2011
31600,24/04/2011,12,-51.4939853,0,-28.577083,21/04/2011
13000,11/05/2011,2,-40.5063545,0,-9.381148699999999,08/05/2011
78000,19/07/2011,15,-48.208794,0,-13.5301046,15/07/2011
1000000,/09/2011,3,-48.5343546,0,-27.4504429,/09/2011
3000,29/07/2011,3,-51.4939853,0,-28.577083,23/07/2011
14000,/01/2012,33,-42.55395619999999,0,-19.4595141,/12/2011
89000,26/03/2012,3,-67.8445792,0,-9.981189700000002,20/02/2012
210000,20/05/2012,0,-43.2701397,171000,-22.8767669,01/05/2012
1510,18/03/2013,30,-51.1543362,1500,-29.6725227,17/03/2013
2000,12/12/2013,2,-43.3593519,0,-22.7526273,12/12/2013
43300,04/01/2014,64,-44.0365413,540000,-10.7160021,17/12/2013
600,13/01/2014,20,-43.2698675,0,-22.867228,12/01/2014
67500,/03/2014,0,-41.5077143,200000,-16.560177,15/02/2014
50000,14/07/2014,10,-46.4823218,0,-23.6717422,03/07/2014
283140,21/07/2015,3,-56.5610657,0,-13.7731898,10/07/2015
5370,20/10/2015,3,-44.1089923,0,-19.9342643,08/10/2015
9000,26/12/2015,0,-51.4939853,0,-28.577083,20/12/2015
50500,15/01/2016,5,-51.429617,100000,-23.4149572,09/01/2016
0,11/03/2016,30,-46.6019697,100000,-23.3333193,10/03/2016
200,16/02/1998,0,27.3459626,0,42.44104859999999,14/12/1997
0,11/08/2002,1,23.2994989,1000,42.7074109,10/08/2002
0,13/06/2005,6,25.9415271,10000,43.82181629999999,26/05/2005
200,06/07/2005,17,26.2347835,247000,43.3507557,02/07/2005
0,26/08/2005,7,23.2117893,200000,43.4089552,14/08/2005
12000,11/08/2005,7,24.3330285,0,42.1895119,04/08/2005
0,13/04/2006,0,22.8738442,0,43.9809117,10/04/2006
1000,06/06/2007,2,26.9178748,0,43.2812272,22/05/2007
10,07/08/2007,8,25.9415271,0,43.82181629999999,04/08/2007
90,05/12/2010,0,23.489856,0,41.845723,04/12/2010
37950,06/02/2012,5,25.9282519,4400,43.7952479,01/02/2012
1260,25/06/2014,15,27.9077301,377000,43.2111141,19/06/2014
7247,02/08/2014,2,25.000063,0,41.9048033,31/07/2014
0,06/09/2014,3,25.5562544,10000,41.9318907,04/09/2014
0,04/02/2015,5,23.4909285,5800,41.8453926,01/02/2015
900,/09/1977,0,-1.4943099,0,12.3597836,/09/1977
1500,/10/1984,0,-0.2377737,0,14.4430802,/10/1984
66500,//1994,22,-1.4943099,0,12.3597836,//1994
1560,/08/1999,6,-0.0315586,0,14.3638358,/08/1999
15610,11/10/2006,0,-0.2377737,0,14.4430802,03/08/2006
10000,12/09/2006,0,-0.0315586,0,14.3638358,12/09/2006
121043,10/10/2007,52,-0.3580642,0,12.1833906,26/07/2007
560,/07/2008,0,-2.3760589,0,13.32901,/07/2008
500,/07/2009,0,-2.3760589,0,13.32901,/06/2009
151000,01/09/2009,9,-1.4943099,150000,12.3597836,01/09/2009
21000,05/09/2012,18,-2.3760589,0,13.32901,15/06/2012
11396,17/08/2013,2,-4.2969938,0,11.1926203,15/08/2013
28925,07/08/2015,8,-1.3450098,31000,12.4732018,04/08/2015
34893,23/07/2016,15,4.8442399,0,45.7654497,/06/2016
3600,02/02/1989,12,29.39480769999999,0,-3.3729757,02/02/1989
500,27/12/2000,0,29.37108259999999,0,-3.3838738,27/12/2000
6000,06/05/2002,0,29.3642331,0,-3.397882,06/05/2002
2000,18/05/2006,9,29.37108259999999,0,-3.3838738,18/05/2006
1500,/08/2006,0,29.6000594,0,-4.3455715,26/08/2006
23000,17/01/2007,4,29.37108259999999,0,-3.3838738,01/01/2007
2701,31/10/2007,1,29.3642331,0,-3.397882,15/10/2007
8000,15/04/2009,0,29.33846489999999,0,-3.3590296,12/04/2009
1000,/01/2010,0,29.2768455,0,-3.3435714,/01/2010
685,03/04/2011,0,29.39480769999999,0,-3.3729757,20/03/2011
12682,10/03/2014,96,29.3550545,0,-3.3983429,19/02/2014
0,01/02/2016,52,29.251276,13000,-3.3343257,/11/2015
150,/10/2009,3,-23.5254652,0,14.9117874,/09/2009
900000,30/08/1991,100,105.4630074,150000,11.994292,22/08/1991
29000,31/07/1994,506,103.198141,0,13.0990024,31/07/1994
1300000,03/11/1996,59,106.0548332,1500,12.4905346,30/09/1996
535904,08/08/1999,7,104.1809571,500,10.6026993,02/08/1999
124475,09/11/1999,0,104.7791824,0,10.9294423,25/10/1999
3448053,10/08/2000,347,105.9570341,160000,13.5322159,11/07/2000
1669182,19/11/2001,56,105.9570341,15000,13.5322159,15/08/2001
1470000,26/11/2002,29,104.9264744,100,11.5672731,18/08/2002
0,21/10/2004,0,105.4630074,0,11.994292,24/08/2004
0,29/09/2005,16,106.0548332,0,12.4905346,08/09/2005
5000,07/07/2006,0,102.9803521,0,11.6085996,06/07/2006
33000,01/11/2006,5,103.908906,0,11.0988619,10/08/2006
19000,24/08/2007,2,104.8879579,1000,12.7264689,10/08/2007
0,09/11/2010,8,102.9682015,70000,13.5889209,20/10/2010
1640023,01/11/2011,247,104.9264744,521000,11.5672731,10/08/2011
71500,26/09/2012,14,102.9682015,0,13.5889209,17/09/2012
1500000,14/10/2013,200,103.198141,500000,13.0990024,24/09/2013
530450,31/08/2014,45,105.4630074,0,11.994292,30/07/2014
1000,/08/1988,2,9.408943299999999,0,4.610854499999999,/08/1988
200,13/08/1991,2,14.3076915,0,10.6088658,13/08/1991
0,14/09/1994,6,14.3076915,0,10.6088658,09/09/1994
500,05/08/2000,3,9.703761499999999,0,4.0442692,03/08/2000
0,19/08/2005,2,9.703761499999999,0,4.0442692,19/08/2005
20000,27/08/2012,10,12.883333,0,6.133332999999999,27/08/2012
250000,21/08/2014,0,13.5880786,0,7.333871,21/08/2014
107000,05/05/1950,1,-97.13837439999999,100000,49.895136,05/05/1950
0,/04/1974,0,-99.3707457,14500,49.56198759999999,/04/1974
0,//1974,0,-71.2303101,75000,46.8245284,//1974
0,//1976,0,-71.2303101,20000,46.8245284,//1976
0,/04/1979,0,-99.3707457,19000,49.56198759999999,/04/1979
4500,15/07/1986,0,-113.8609167,30000,52.3253846,15/07/1986
0,02/04/1987,0,-67.7143888,11000,46.7468733,02/04/1987
0,14/07/1987,1,-74.716357,174000,45.018454,14/07/1987
0,/06/1988,2,-114.77558,15000,55.283053,/06/1988
0,10/06/1990,8,-113.8609167,8500,52.3253846,10/06/1990
200,25/04/1993,0,-82.553907,0,42.3121519,25/04/1993
5600,09/06/1995,0,-113.8609167,73300,52.3253846,09/06/1995
12000,22/07/1996,10,-71.03348729999999,729600,48.3057643,19/07/1996
29000,07/05/1997,4,-96.8251531,120000,49.4082927,24/04/1997
3100,28/03/1998,3,-73.7980645,0,45.2492731,28/03/1998
0,12/06/2002,0,-93.3847876,0,48.6119282,09/06/2002
1100,21/02/2003,0,-56.03836829999999,0,48.9782277,15/02/2003
170,03/04/2003,2,-63.41527149999999,10000,45.3831921,31/03/2003
400,05/08/2003,0,-76.7436999,10000,45.8785977,04/08/2003
800,26/10/2003,2,-123.1558222,15000,49.6975912,17/10/2003
1000,11/04/2004,0,-97.13837439999999,0,49.895136,28/03/2004
0,16/07/2004,0,-76.1405463,200000,44.34005,13/07/2004
600,29/09/2005,0,-58.5868961,0,48.5584249,27/09/2005
5000,01/07/2005,4,-114.2363836,357000,50.6848338,07/06/2005
200,24/04/2006,0,-52.7551995,0,47.5387765,18/04/2006
1000,20/04/2006,0,-102.871744,0,53.4566681,12/04/2006
2000,31/05/2006,0,-81.6837747,0,52.2107658,22/04/2006
300,02/06/2006,0,-135.0083819,0,68.2199547,26/05/2006
400,28/05/2006,1,-118.4340458,0,49.0278189,20/05/2006
500,11/06/2007,0,-89.2085051,0,48.33128079999999,06/06/2007
400,24/04/2008,0,-77.43180869999999,0,44.1375013,10/04/2008
2000,01/05/2008,0,-75.6430625,0,45.0195172,26/04/2008
200,09/04/2009,0,-67.0136833,0,45.6546398,01/04/2009
2000,31/05/2011,5,-99.3707457,800000,49.56198759999999,04/04/2011
1500,30/03/2012,0,-67.7143888,34000,46.7468733,25/03/2012
100000,27/06/2013,4,-114.0255289,5700000,51.06124980000001,20/06/2013
6904,04/08/2014,0,-79.7870042,129000,43.3906425,04/08/2014
300,21/06/2016,0,-79.3944334,0,45.6219134,14/06/2016
300,20/11/2001,7,2.6225221,0,39.5843143,20/11/2001
430,02/04/2002,16,-16.286307,79923,28.445424,31/03/2002
13000,12/09/1973,0,18.5524246,0,4.4139154,12/09/1973
3914,09/08/1995,0,16.6771299,0,6.2723259,09/08/1995
17500,/10/1996,7,18.2822632,0,7.3026612,/10/1996
9200,24/10/1998,0,18.5524246,0,4.4139154,24/10/1998
12000,/08/1999,0,18.5524246,0,4.4139154,/08/1999
33919,25/10/1999,0,18.5524246,0,4.4139154,25/10/1999
240,05/09/2003,0,19.100241,0,5.5887969,05/09/2003
23805,25/08/2005,1,20.6605035,0,5.764363899999999,08/08/2005
7812,11/08/2007,1,18.5524246,0,4.4139154,/07/2007
11000,10/07/2009,1,18.5524246,0,4.4139154,03/07/2009
500,/06/1985,0,20.2857329,0,11.0393638,/06/1985
47498,24/08/1988,43,20.8075104,0,13.8241863,24/08/1988
14,13/08/1991,39,20.8075104,0,13.8241863,13/08/1991
1000,01/09/1998,0,-91.8275055,0,34.9681529,01/09/1998
173506,23/08/1999,0,-83.73220979999999,0,38.2503129,01/08/1999
0,17/10/2006,52,15.0444173,0,12.1253971,05/09/2006
170000,09/09/2007,12,20.792299,0,9.80813,25/08/2007
6450,25/08/2008,0,15.0444173,0,12.1253971,20/07/2008
4895,14/09/2009,3,-3.6555637,0,51.5316305,12/09/2009
18800,15/10/2012,0,-3.6555637,0,51.5316305,15/09/2012
40000,/06/1974,32,-71.5273413,10000,-32.9302968,/06/1974
6000,/06/1978,4,-71.62201,0,-33.0519512,/06/1978
54118,15/06/1986,23,-70.6335199,17200,-33.4433069,15/06/1986
116364,17/07/1987,73,-70.7575514,177000,-33.5035793,17/07/1987
81000,12/08/1987,54,-71.62201,0,-33.0519512,12/08/1987
0,29/07/1989,21,-73.0868808,0,-36.789987,29/07/1989
2500,05/03/1990,0,-70.6300736,0,-33.4327707,05/03/1990
3276,05/05/1993,109,-70.7575514,34000,-33.5035793,05/05/1993
0,08/05/1995,28,-72.97062540000002,0,-41.3269308,08/05/1995
76800,24/06/1997,22,-70.7575514,182400,-33.5035793,10/06/1997
42000,16/06/2000,1,-73.2171685,0,-39.847154,05/06/2000
139667,26/06/2000,15,-70.6080131,30000,-33.3974214,12/06/2000
2559,16/02/2001,0,-70.3188432,8900,-18.4829864,16/02/2001
10000,26/05/2001,0,-70.6080131,0,-33.3974214,26/05/2001
0,30/07/2001,4,-71.62201,0,-33.0519512,30/07/2001
221842,05/06/2002,14,-70.6080131,200000,-33.3974214,24/05/2002
8000,29/08/2002,2,-73.1430019,0,-36.8273845,24/08/2002
9000,01/07/2004,3,-70.6451215,0,-33.4677668,30/06/2004
800,28/06/2005,5,-72.9941119,0,-36.8271518,26/06/2005
548,29/08/2005,0,-70.680173,0,-33.3848409,26/08/2005
95862,17/07/2006,18,-73.1430019,0,-36.8273845,11/07/2006
40000,27/05/2008,5,-73.1430019,0,-36.8273845,19/05/2008
104755,04/09/2008,4,-72.92873569999999,23000,-41.4656435,29/08/2008
4300,15/03/2012,0,-70.9088402,3100,-53.1623569,01/03/2012
12555,11/06/2014,0,-70.63091179999999,0,-33.4533068,11/06/2014
193881,08/04/2015,178,-70.26334659999999,1500000,-27.421722,25/03/2015
116,21/05/2015,0,-73.1597446,0,-37.0951419,17/05/2015
100,18/04/2016,12,-3.9343455,100000,37.7592635,15/04/2016
0,//1911,100000,-69.4415812,0,44.53182169999999,//1911
3000000,//1915,0,118.783404,0,32.050797,//1915
635000,//1917,0,117.7046438,0,39.025976,//1917
0,/08/1931,3700000,-69.4415812,1400000,44.53182169999999,/07/1931
3600000,//1933,18000,127.340142,0,43.712311,//1933
10030000,//1935,142000,-69.4415812,0,44.53182169999999,//1935
0,/07/1939,500000,114.2713932,0,34.8208794,/07/1939
0,/05/1948,330,-69.4415812,0,44.53182169999999,/05/1948
0,/07/1949,57000,-69.4415812,0,44.53182169999999,/07/1949
10000000,14/08/1950,500,117.222108,0,31.820134,14/08/1950
0,28/08/1951,4800,124.490099,0,45.323359,28/08/1951
0,/07/1954,2000,91.1655268,0,29.6632159,/07/1954
0,/08/1954,30000,-117.697212,0,34.016002,/08/1954
0,//1956,2000,-69.4415812,0,44.53182169999999,//1956
0,/07/1957,560,-69.4415812,0,44.53182169999999,/07/1957
0,/07/1961,2000000,126.602027,0,45.98569,/07/1959
0,/06/1959,187,-69.4415812,0,44.53182169999999,/06/1959
0,23/04/1969,0,117.0448349,0,36.6575065,23/04/1969
0,/06/1980,65,117.222108,0,31.820134,/06/1980
40100,/07/1980,38,104.0831099,0,30.7557697,/07/1980
0,02/09/1980,0,114.2165516,0,30.77391,02/09/1980
67000,/06/1980,6200,120.309272,160000,36.069783,/06/1980
1528140,14/07/1981,1311,120.309272,1100000,36.069783,14/07/1981
1405000,/08/1981,764,107.891805,1200000,34.37329709999999,/08/1981
4000,12/09/1981,0,94.90110430000001,0,36.387695,12/09/1981
150000,/10/1981,0,113.9335654,0,22.5758302,/10/1981
100000,04/10/1981,240,104.0831099,0,30.7557697,04/10/1981
809143,12/05/1982,447,113.9335654,0,22.5758302,12/05/1982
7000,/08/1982,0,117.191549,0,39.128544,/08/1982
0,//1982,0,114.2165516,0,30.77391,//1982
0,/04/1982,0,116.3692169,0,39.0033323,/04/1982
0,/06/1983,100,-69.4415812,0,44.53182169999999,/06/1983
28000,05/09/1984,0,123.390719,0,41.81715,05/09/1984
0,/06/1984,31,126.602027,0,45.98569,/06/1984
14000,/05/1985,283,100.2653229,1400,25.6069511,/05/1985
2000,/06/1985,64,117.2915564,0,31.7423664,/06/1985
0,/08/1985,422,117.193592,350000,39.115868,/08/1985
2000,/08/1985,300,105.8808673,350000,21.0426821,/08/1985
0,/03/1985,0,-69.4415812,0,44.53182169999999,/03/1985
0,21/04/1985,0,100.234408,1350,26.878245,21/04/1985
0,/09/1985,147,113.0931446,0,28.2316884,/09/1985
2800000,/08/1986,80,121.5870225,1500000,38.9131016,/08/1986
7000000,/07/1986,233,120.312235,1210,36.068854,/07/1986
350400,21/05/1987,92,113.9335654,0,22.5758302,21/05/1987
590129,28/07/1987,20,113.9335654,0,22.5758302,28/07/1987
0,05/07/1987,56,117.222108,0,31.820134,05/07/1987
0,26/08/1987,51,103.9372653,0,30.8184424,26/08/1987
22000200,/04/1988,577,119.987813,1063564,36.312803,/04/1988
2880000,20/05/1988,158,117.6475855,91644,39.0250368,20/05/1988
35000,/06/1988,22,114.9156461,12000,27.7961295,/06/1988
10000,23/07/1988,54,105.9744856,0,34.54589,23/07/1988
30000,06/08/1988,204,112.567062,0,37.834171,06/08/1988
280000,24/08/1988,0,117.0448349,0,36.6575065,24/08/1988
300505,/09/1988,58,109.104932,256000,21.47211,/09/1988
110000,/09/1988,170,123.007905,540000,41.096056,/09/1988
100010000,14/07/1989,2000,117.222108,2789000,31.820134,14/07/1989
26130805,02/07/1990,363,113.0931446,592000,28.2316884,05/06/1990
175000,19/07/1990,72,106.714459,211000,26.58544,04/07/1990
16000000,/07/1990,60,117.0448349,0,36.6575065,/07/1990
210232227,19/07/1991,1729,117.222108,7500000,31.820134,01/06/1991
3500,10/09/1991,26,113.9335654,14120,22.5758302,07/09/1991
0,12/08/1991,106,118.782645,530000,32.087202,09/08/1991
210070,23/04/1992,248,120.368406,170000,36.071405,15/03/1992
31632,21/07/1992,96,119.839719,146000,31.781337,02/07/1992
5000,14/07/1992,35,114.9156461,76000,27.7961295,29/06/1992
0,29/07/1992,48,104.0831099,3400,30.7557697,22/07/1992
2433,20/08/1992,25,123.3332319,110000,43.6465417,01/08/1992
7400,01/08/1993,41,103.5030548,27000,29.7639546,27/07/1993
0,/04/1993,131,-69.4415812,0,44.53182169999999,/04/1993
0,03/10/1993,59,120.3518721,0,30.31026559999999,03/10/1993
0,/06/1993,1000,116.636916,6061000,40.31268,/06/1993
78974400,25/06/1994,1001,121.195844,5460000,36.74825999999999,09/06/1994
30547665,29/07/1994,258,121.195844,1810000,36.74825999999999,11/07/1994
2000000,13/08/1994,128,118.782645,1000,32.087202,23/07/1994
17000,18/07/1994,41,114.2165516,95000,30.77391,11/07/1994
320,30/06/1994,41,120.312235,12100,36.068854,30/06/1994
0,03/05/1994,95,114.9156461,161000,27.7961295,01/05/1994
114470249,15/08/1995,1437,123.007905,6720000,41.096056,15/05/1995
1000000,02/08/1995,120,121.5870225,0,38.9131016,02/08/1995
154634000,26/07/1996,2775,117.222108,12600000,31.820134,30/06/1996
40000,/05/1996,96,117.193592,0,39.115868,/05/1996
0,/08/1996,1200,114.272789,6314500,30.53968799999999,/08/1996
0,03/08/1996,20,126.1447692,0,45.168745,03/08/1996
371229,16/05/1997,103,121.195844,160000,36.74825999999999,03/05/1997
7000000,22/07/1997,164,106.703923,0,26.581881,10/07/1997
318000,30/07/1997,300,104.817004,1027400,35.073414,10/07/1997
0,08/09/1997,63,112.5922176,0,26.9064858,01/09/1997
0,01/08/1997,420,117.193592,1251200,39.115868,30/06/1997
0,10/06/1997,40,103.795678,1000,27.5885274,03/06/1997
238973000,30/08/1998,3656,117.17783,30000000,34.249164,01/07/1998
1300,24/05/1998,15,114.2121422,34700,22.2893288,24/05/1998
80000,31/08/1998,50,91.1655268,20124,29.6632159,31/08/1998
1500000,11/06/1998,440,123.007905,724700,41.096056,11/06/1998
2160000,14/09/1998,89,118.782645,964000,32.087202,08/08/1998
3000,25/04/1999,35,117.17783,0,34.249164,25/04/1999
101024000,03/08/1999,725,117.222108,8100000,31.820134,23/06/1999
5165000,07/09/1999,153,120.3518721,647000,30.31026559999999,06/09/1999
0,03/07/1999,30,117.222108,302000,31.820134,03/07/1999
1000000,14/08/1999,199,112.4621263,181200,25.3825456,12/08/1999
5000,14/08/1999,43,117.156667,24200,34.284786,14/08/1999
40000,17/04/2000,15,119.0588382,12000,33.5878345,13/04/2000
154183,19/06/2000,34,87.009778,22000,29.228799,31/05/2000
15000,01/06/2000,4,104.06012,0,30.648676,01/06/2000
31010,30/06/2000,43,117.071905,19000,39.409132,17/06/2000
300000,08/06/2000,33,107.515274,60000,26.242495,08/06/2000
18214,14/07/2000,203,112.939068,172000,28.21214,11/07/2000
200000,18/10/2000,10,110.177146,25366,20.335385,12/10/2000
4500,05/05/2000,26,113.9335654,5000,22.5758302,01/05/2000
1760000,02/06/2001,29,118.783404,78000,32.050797,02/06/2001
30003,20/04/2001,11,113.9335654,24000,22.5758302,20/04/2001
7,27/06/2001,22,120.3518721,0,30.31026559999999,27/06/2001
2702,25/08/2001,35,119.385752,17000,39.768808,25/08/2001
17,26/07/2001,46,111.0010261,5000,21.5122296,25/07/2001
250000,22/09/2001,27,121.5816106,300000,31.2514278,19/09/2001
4000,18/12/2001,0,112.3690929,0,34.6732858,17/12/2001
3110,15/06/2001,66,108.353838,167000,21.635148,15/06/2001
300000,23/06/2001,166,105.320538,120000,30.61098,19/06/2001
20000000,29/05/2002,0,113.0931446,943000,28.2316884,22/05/2002
7001,22/06/2002,22,88.60769859999999,50000,42.7464258,23/05/2002
80035257,18/06/2002,793,107.989339,3100000,33.520383,08/06/2002
12312,29/07/2002,11,88.1708879,38600,47.7512239,21/07/2002
15,/08/2002,61,114.1371705,0,24.3460929,/08/2002
6340000,05/08/2002,165,120.3522654,540000,30.3073399,05/08/2002
999311,20/08/2002,178,121.5804,4200,31.270862,14/08/2002
5250000,11/08/2002,16,119.716372,0,29.801487,11/08/2002
50000,02/11/2002,0,121.49791,0,31.262246,28/10/2002
4370986,21/05/2003,38,112.5560269,160000,25.2785467,15/05/2003
0,07/06/2003,28,108.8250661,0,34.2511664,05/06/2003
150146000,28/07/2003,430,105.9264505,7890000,26.2550455,23/06/2003
1200000,07/08/2003,30,115.7995246,4830000,32.8960227,01/07/2003
200000,12/11/2003,123,123.445466,2440000,41.82823,24/08/2003
8000,22/09/2003,13,116.411468,9640,24.497632,20/09/2003
0,28/05/2004,18,109.2831425,0,29.6732863,27/05/2004
168500,25/06/2004,47,110.2172571,361000,27.9917063,20/06/2004
90000,16/06/2004,5,104.9566936,0,26.5469422,14/06/2004
556073,23/06/2004,0,106.6878517,0,26.5564476,22/06/2004
740,06/06/2004,3,105.509002,0,35.050242,05/06/2004
0,30/06/2004,15,104.7144852,0,28.4449035,28/06/2004
0,17/05/2004,7,114.9156461,53500,27.7961295,13/05/2004
33652026,20/07/2004,133,98.85309699999999,1100000,25.852548,15/07/2004
8253000,07/09/2004,222,120.4495091,471000,32.5671786,02/09/2004
425,12/06/2005,117,113.8401248,45000,22.6014053,10/06/2005
11230230,10/07/2005,58,107.9940841,607000,31.7470143,28/06/2005
16700000,30/06/2005,235,104.415682,2160000,28.627123,19/06/2005
14500,05/09/2005,28,120.516493,0,37.647299,14/08/2005
188046,20/08/2005,52,126.656327,913000,45.762927,13/08/2005
4610000,06/10/2005,20,112.151033,239000,32.017917,29/09/2005
80000,06/10/2005,20,121.539961,240000,31.257975,03/10/2005
8842,29/05/2005,8,121.6931379,4600,31.1965619,28/05/2005
650000,25/06/2005,19,116.7679108,180700,40.3642523,17/06/2005
1270000,12/08/2005,5,126.5595683,271000,43.8027701,01/07/2005
10461,11/05/2006,21,114.9156461,333000,27.7961295,09/04/2006
36900,15/05/2006,22,106.6878517,36000,26.5564476,21/04/2006
356000,09/06/2006,57,119.5341039,393000,26.6559986,30/05/2006
350035,31/05/2006,3,112.2153693,0,30.3461587,24/05/2006
1410000,16/06/2006,2,112.4621263,0,25.3825456,13/06/2006
4600024,15/06/2006,21,117.021958,0,28.240118,08/06/2006
5000,19/06/2006,23,110.4840446,0,29.1251495,17/06/2006
4120000,06/07/2006,30,113.8225028,679000,31.6115467,28/06/2006
2375016,26/06/2006,29,111.7345677,0,27.2634803,25/06/2006
4000,13/07/2006,0,116.721041,0,39.535398,11/07/2006
1400000,11/07/2006,10,121.4303506,31000,31.1612691,07/07/2006
2400,05/07/2006,20,87.60477399999999,0,43.782547,02/07/2006
1200,17/07/2006,1,106.4231738,0,38.9450768,14/07/2006
0,31/08/2006,15,102.483707,0,34.592251,30/08/2006
20004,12/10/2006,27,102.0066191,0,23.5951646,06/10/2006
7000,08/05/2006,16,119.992185,57000,31.713196,04/05/2006
250000,06/06/2007,0,114.9156461,13000,27.7961295,01/06/2007
2300050,26/05/2007,43,99.9886552,78000,31.619473,24/05/2007
105004000,/07/2007,535,104.06012,4425655,30.648676,15/06/2007
0,01/07/2007,9,114.2165516,0,30.77391,29/06/2007
386000,03/08/2007,170,98.275302,40000,25.321728,18/07/2007
112742,22/07/2007,83,117.0448349,329000,36.6575065,18/07/2007
350000,03/08/2007,29,108.997015,80000,34.309636,14/07/2007
30000,03/08/2007,96,111.0531761,0,33.7581197,29/07/2007
17500,02/09/2007,11,106.633207,26000,29.740187,31/08/2007
213000,27/08/2007,17,108.37603,5500,22.817455,22/08/2007
2430000,12/08/2007,26,121.210272,0,36.746996,09/08/2007
17500,02/09/2007,11,106.633207,26000,29.740187,31/08/2007
538166,05/06/2008,64,106.6878517,0,26.5564476,27/05/2008
1600000,22/06/2008,176,118.783404,2200000,32.050797,07/06/2008
780000,05/05/2008,3,121.5303483,19000,31.2550443,02/05/2008
810000,11/08/2008,20,100.7981593,42000,22.0299939,07/08/2008
411000,04/11/2008,67,103.1008504,29000,25.2623344,31/10/2008
50000,16/10/2008,3,117.178328,0,35.0813332,10/10/2008
3000000,07/07/2008,19,114.3146607,102000,30.5677299,07/07/2008
5630000,08/06/2009,49,114.9156461,0,27.7961295,01/04/2009
0,/07/2009,11,106.6878517,0,26.5564476,/07/2009
106000,22/06/2009,11,106.2149722,59000,29.4333,19/06/2009
39372000,08/07/2009,90,118.5624293,1000000,31.8466741,01/07/2009
118000,01/09/2009,12,112.5327628,0,26.4947168,28/08/2009
38,04/08/2009,20,102.1022528,33000,26.8936342,26/07/2009
0,09/06/2009,16,113.0931446,281000,28.2316884,07/06/2009
134000000,31/08/2010,1691,112.697184,18000000,30.441062,29/05/2010
6000000,/08/2010,152,126.1934284,0,41.1267606,/06/2010
0,16/08/2010,59,104.232357,0,31.233307,13/08/2010
64000,21/08/2010,5,124.5160817,0,40.5280437,21/08/2010
130000,06/10/2010,4,110.4609843,171000,19.235375,06/10/2010
60000,/06/2011,16,110.7590282,0,19.6094441,/06/2011
1600000,19/07/2011,6,118.5624293,54130,31.8466741,11/07/2011
67900000,29/06/2011,467,104.2349009,6400000,23.373689,01/06/2011
20000000,22/09/2011,117,111.390003,4250000,33.936081,01/09/2011
3800000,08/09/2011,22,116.428053,0,39.906854,01/08/2011
185000,16/05/2012,53,114.277312,316333,22.69689,08/05/2012
17440000,02/07/2012,91,109.985317,1200000,40.588528,22/06/2012
13119000,15/05/2012,132,116.41623,2500000,39.90213,28/04/2012
220000,11/07/2012,0,116.869241,0,39.657098,11/07/2012
53000,/07/2012,0,108.9669743,0,34.265998,/07/2012
1000000,24/07/2012,151,115.76077,8000000,39.5607354,21/07/2012
140000,25/07/2012,58,121.646401,600000,38.91751199999999,09/07/2012
0,13/09/2012,21,103.1075072,500000,24.9146542,07/09/2012
125000,24/05/2012,16,108.353838,378000,21.635148,20/05/2012
500000,02/08/2012,70,123.037528,800000,41.12525,27/07/2012
0,20/08/2012,15,108.9669743,370000,34.265998,14/08/2012
210000,30/08/2012,15,120.985168,306000,37.671181,28/08/2012
255000,10/05/2013,20,108.353838,165000,21.635148,06/05/2013
300000,28/05/2013,55,113.9335654,661000,22.5758302,12/05/2013
100000,23/05/2013,12,113.9335654,445000,22.5758302,19/05/2013
200000,27/05/2013,12,106.467519,333000,29.552196,24/05/2013
10000,08/06/2013,15,116.215255,277000,33.504583,05/06/2013
280500,21/06/2013,11,103.616338,555000,36.1097219,14/06/2013
625000,03/07/2013,55,103.664025,1400000,25.02558,29/06/2013
3500000,17/07/2013,233,103.6158189,4621600,30.99565669999999,07/07/2013
718500,25/07/2013,36,126.541491,1400000,43.842419,21/07/2013
125000,01/08/2013,10,116.9779527,571000,36.6571169,25/07/2013
255000,21/08/2013,43,101.7731288,457000,36.6257441,18/08/2013
1075000,05/09/2013,118,126.64784,4960000,45.77532,12/08/2013
150030,18/09/2013,17,103.616338,343000,36.1097219,16/09/2013
90000,16/12/2013,0,110.3388,410000,20.03704,14/12/2013
5500000,03/06/2014,76,106.6878517,1000000,26.5564476,24/05/2014
720000,07/06/2014,33,106.6878517,677000,26.5564476,01/06/2014
15000000,21/06/2014,24,104.06012,900000,30.648676,17/06/2014
150000,30/06/2014,24,104.06012,483000,30.648676,25/06/2014
25000,07/07/2014,23,106.6878517,500000,26.5564476,03/07/2014
110500,18/07/2014,66,106.6878517,1250000,26.5564476,13/07/2014
150000,19/08/2014,27,119.5341039,487000,26.6559986,11/08/2014
50000,28/08/2014,10,106.6878517,600000,26.5564476,22/08/2014
300000,08/09/2014,65,104.06012,570000,30.648676,01/09/2014
1065000,17/09/2014,50,104.06012,1400000,30.648676,10/09/2014
61000,10/07/2014,24,108.353838,0,21.635148,10/07/2014
0,16/05/2014,53,113.0931446,700000,28.2316884,12/05/2014
450000,28/06/2014,37,113.9335654,1100000,22.5758302,04/06/2014
60000,17/05/2015,20,116.215255,254000,33.504583,13/05/2015
60000,01/06/2015,17,106.6878517,500000,26.5564476,28/05/2015
2400,17/06/2015,15,118.5624293,200000,31.8466741,16/06/2015
60000,06/06/2015,9,106.6878517,625000,26.5564476,01/06/2015
60000,11/06/2015,16,113.0931446,2000000,28.2316884,07/06/2015
144900,02/07/2015,35,116.215255,645000,33.504583,26/06/2015
128610,29/07/2015,28,116.215255,1200000,33.504583,20/07/2015
45000,04/08/2015,19,106.467519,418000,29.552196,02/08/2015
77440,19/08/2015,41,104.06012,220000,30.648676,16/08/2015
15000,23/09/2015,14,113.9335654,0,22.5758302,15/09/2015
639000,16/11/2015,38,113.0931446,130000,28.2316884,10/11/2015
3000,29/01/2016,11,113.9335654,20000,22.5758302,26/01/2016
219300,22/03/2016,5,114.9156461,170000,27.7961295,19/03/2016
44100,21/05/2016,12,104.06012,447000,30.648676,18/05/2016
0,29/05/2016,17,104.06012,69000,30.648676,21/05/2016
197000,20/06/2016,42,113.2051044,410000,29.543769,18/06/2016
254400,16/06/2016,25,104.06012,664000,30.648676,09/06/2016
165000,23/06/2016,68,118.5624293,2300000,31.8466741,18/06/2016
150000,30/06/2016,34,106.467519,675000,29.552196,23/06/2016
160000,06/07/2016,128,117.17783,5729590,34.249164,28/06/2016
900000,25/07/2016,289,116.428053,0,39.906854,18/07/2016
36900,10/08/2016,23,113.0931446,123000,28.2316884,05/08/2016
1500,22/09/2016,23,104.06012,21000,30.648676,18/09/2016
0,/06/1959,184,-76.5357219,0,3.2678043,/06/1959
0,/08/1962,135,-76.5357219,0,3.2678043,/08/1962
4000,/04/1970,0,-69.9336172,50,-4.216946699999999,/04/1970
5105000,/11/1970,307,-76.20419799999999,138800,3.8816214,/11/1970
0,12/12/1970,100,-73.86509339999999,0,5.554721499999999,12/12/1970
0,/03/1971,0,-76.20419799999999,0,3.8816214,/03/1971
0,/06/1971,51,-76.5357219,0,3.2678043,/06/1971
5172,10/10/1973,9,-76.5357219,0,3.2678043,10/10/1973
0,/10/1976,47,-76.5357219,0,3.2678043,/10/1976
102000,20/11/1979,62,-73.60104559999999,0,5.7130505,20/11/1979
50,/10/1980,40,-80.3073699,0,39.3847028,/10/1980
0,17/08/1981,150,-77.008032,5000,38.883472,17/08/1981
0,04/01/1982,90,-77.5659391,0,0.9212024,04/01/1982
0,/11/1984,0,-76.4775326,0,3.0023369,/11/1984
250000,/10/1986,13,-74.04860459999999,0,4.6782312,/10/1986
850,04/07/1987,21,-75.2191837,0,4.429206499999999,04/07/1987
130800,/06/1988,120,-4.7849466,0,37.8954675,/06/1988
0,31/07/1989,16,-76.87772869999999,0,1.1723527,31/07/1989
800,17/04/1990,0,-74.82718299999999,0,4.3970793,17/04/1990
17179,30/05/1990,0,-76.5357219,0,3.2678043,30/05/1990
1548,27/06/1990,0,-67.4848521,0,6.1832468,27/06/1990
1098,21/09/1990,10,-75.57351899999999,0,6.227289700000001,21/09/1990
80283,01/05/1993,63,-75.6001244,0,1.611004,26/04/1993
9950,/01/1994,11,-76.533543,0,3.4491507,/01/1994
1019,/04/1994,7,-75.05242439999999,0,3.1520558,/04/1994
7000,02/02/1994,19,-76.2353239,0,3.3180914,31/01/1994
86000,23/07/1995,69,-79.2662593,0,42.0937808,23/07/1995
180000,/01/1996,0,-4.7849466,0,37.8954675,/01/1996
200,15/10/1996,12,-73.6363283,0,6.0621496,15/10/1996
15000,16/10/1997,2,-75.1212472,3000,9.717521,14/10/1997
250,/01/1999,9,-92.35289399999999,0,38.9521691,/01/1999
150040,15/10/1999,29,-75.6006233,3,1.6043379,04/10/1999
1100,/11/1999,3,-95.6567728,0,29.1446826,/11/1999
39000,/02/2000,8,-75.2044234,0,4.4455746,/02/2000
12000,24/05/2000,96,-74.82718299999999,0,4.3970793,18/05/2000
1500,09/04/2001,0,-76.9727849,0,1.1881696,09/04/2001
4500,/12/2001,0,-75.2044234,0,4.4455746,/12/2001
38000,29/04/2002,37,-75.57351899999999,0,6.227289700000001,24/04/2002
73013,13/06/2002,28,-75.57351899999999,0,6.227289700000001,04/06/2002
12500,08/08/2002,0,-71.62407999999999,0,6.55478,05/07/2002
1025,/11/2002,0,-76.0608376,0,8.1783511,/11/2002
4000,16/06/2003,3,-75.6006233,0,1.6043379,14/06/2003
35752,/12/2003,42,-75.57351899999999,0,6.227289700000001,/08/2003
0,28/05/2003,35,-75.97298169999999,0,4.576613099999999,14/05/2003
186096,28/06/2004,79,-75.57351899999999,0,6.227289700000001,/01/2004
345386,26/10/2004,36,-75.5862356,0,6.2105627,11/10/2004
85729,26/02/2005,56,-73.1230616,10000,7.1341963,11/02/2005
41530,07/05/2005,23,-74.78592689999999,0,10.9551837,12/04/2005
474607,17/11/2005,101,-75.57351899999999,0,6.227289700000001,15/09/2005
221465,27/04/2006,150,-75.97298169999999,0,4.576613099999999,01/01/2006
1504317,30/09/2007,146,-4.7849466,0,37.8954675,06/03/2007
3000,12/06/2007,13,-75.3212071,0,7.6193984,19/05/2007
2035,01/05/2007,24,-75.2191837,0,4.429206499999999,26/04/2007
1162135,26/10/2007,35,-75.57351899999999,0,6.227289700000001,20/10/2007
0,14/03/2008,11,-75.5330377,0,10.4114631,11/03/2008
1200091,12/01/2009,76,-76.20419799999999,0,3.8816214,15/09/2008
2791999,07/03/2011,418,-76.5242554,1000000,3.4472359,06/04/2010
800,13/08/2010,0,-72.171632,0,11.3714028,09/08/2010
988599,/07/2011,138,-75.57351899999999,1030000,6.227289700000001,/04/2011
498924,29/12/2011,135,-76.5357219,1290000,3.2678043,01/09/2011
56000,26/04/2012,17,-74.24337589999999,40000,4.576404300000001,20/04/2012
8000,14/05/2012,48,-72.17366,62000,5.89985,15/03/2012
17518,19/10/2012,12,-75.7133999,0,4.8017723,05/10/2012
51781,01/12/2013,7,-74.78592689999999,0,10.9551837,15/09/2013
41151,15/05/2014,33,-76.4775326,0,3.0023369,15/03/2014
4085,14/06/2014,0,-76.87772869999999,0,1.1723527,14/06/2014
18000,20/12/2014,44,-76.148617,8000,5.867369,01/11/2014
8105,06/08/2015,0,-104.8242797,0,38.8520689,22/07/2015
27500,21/05/1990,23,15.2737768,0,-4.3274093,20/05/1990
78000,29/11/1999,2,15.2737768,0,-4.3274093,29/11/1999
26,18/05/2001,50,15.2737768,0,-4.3274093,18/05/2001
1600,31/10/2007,32,15.2737768,0,-4.3274093,25/10/2007
4603,/10/1969,7,-122.3484491,4000,37.5717722,/10/1969
10040,09/04/1970,23,-42.3340687,6000,-22.8698823,09/04/1970
1350,14/12/1980,1,-80.8734417,0,28.9273088,14/12/1980
185021,22/08/1991,1,-83.02888659999999,0,9.991997399999999,13/08/1991
38451,23/11/1993,9,-83.8664237,0,9.8392754,23/11/1993
2556,04/11/1994,2,-85.01305190000001,3000,10.8971467,04/11/1994
20000,14/02/1996,6,-83.02888659999999,250000,9.991997399999999,07/02/1996
9993,30/09/1999,9,-122.3484491,1000,37.5717722,24/09/1999
1437,19/10/2001,0,-85.659184,0,9.9480653,19/10/2001
20000,11/05/2002,0,-83.02888659999999,1000,9.991997399999999,06/05/2002
75040,13/12/2002,10,-100.4043886,0,20.5731971,23/11/2002
2500,14/12/2003,1,-0.1345299,0,38.5731373,12/12/2003
2056,11/05/2004,2,-83.6848301,0,10.2077027,10/05/2004
1000,/11/2004,0,-83.6848301,0,10.2077027,/11/2004
2143,18/01/2005,4,-83.6848301,25000,10.2077027,11/01/2005
855,27/09/2005,1,-83.9967326,0,9.971864100000001,18/09/2005
12500,26/09/2007,0,-83.97027690000002,0,9.9057271,20/09/2007
12000,26/10/2007,19,-84.38121439999999,80000,9.9785892,12/10/2007
9498,05/09/2008,0,-84.1381234,0,9.934657099999999,02/09/2008
92000,18/10/2008,6,-84.1381234,0,9.934657099999999,13/10/2008
53000,25/11/2008,1,-84.09663119999999,0,9.9198396,22/11/2008
106,14/09/2010,3,-84.1381234,0,9.934657099999999,06/09/2010
3000,05/11/2010,24,-85.58640679999999,0,10.2587938,01/11/2010
46695,19/10/2011,4,-84.1381234,0,9.934657099999999,17/10/2011
9523,29/07/2012,6,-83.8664237,0,9.8392754,29/07/2012
9666,09/07/2015,0,-84.00885749999999,0,10.453867,27/06/2015
600,30/12/2000,0,14.9015822,0,44.9903617,28/12/2000
1200,06/09/2001,0,17.8759227,0,45.5289053,06/09/2001
250,/08/2005,0,16.5529202,0,46.4673036,/08/2005
300,03/06/2010,0,18.0123589,80000,45.15457319999999,03/06/2010
810,03/12/2010,0,17.6613683,0,43.050568,03/12/2010
1500,06/11/2012,0,15.981503,0,45.8050736,05/11/2012
7116,20/05/2014,3,18.7541554,0,45.0540497,15/05/2014
2000,15/09/2014,0,16.379498,0,45.47955899999999,14/09/2014
1200,16/10/2015,0,15.5603774,0,45.4970947,14/10/2015
18000,/06/1977,7,-91.3874209,0,38.0600482,/06/1977
164575,/02/1983,15,-75.81840989999999,60000,20.0274527,/02/1983
3000,30/05/1985,0,-78.27559409999999,0,42.2172264,30/05/1985
7500,/06/1986,0,-75.81840989999999,0,20.0274527,/06/1986
90012,26/05/1988,23,-79.01572279999999,0,22.0184755,26/05/1988
6000,28/05/1990,0,-75.7884916,0,20.183887,28/05/1990
5000,26/10/1990,4,-82.352291,0,23.1001212,26/10/1990
9127,10/02/1992,0,-82.2903261,2590,23.1196167,06/02/1992
40000,02/06/1993,12,-43.2691662,0,-22.833277,31/05/1993
532000,28/11/1993,34,-75.2073621,140000,20.1488876,24/11/1993
38600,18/05/1994,12,-75.2073621,0,20.1488876,18/05/1994
33180,23/06/1995,0,-83.68998529999999,0,22.4035696,23/06/1995
8000,24/05/1996,3,175.6085348,0,-40.3548677,24/05/1996
2866,15/11/1996,0,-77.9062883,0,21.3942422,15/11/1996
35000,08/06/1997,0,-75.7884916,0,20.183887,08/06/1997
675,25/12/2000,2,-82.3515372,0,23.1371649,25/12/2000
35000,22/06/2002,0,-78.7668765,0,21.845576,12/06/2002
600,/04/2003,0,-75.2073621,0,20.1488876,/04/2003
1500,08/06/2006,2,-77.9062883,0,21.3942422,08/06/2006
18000,17/10/2007,0,-76.6480219,0,20.3883565,07/10/2007
20000,20/11/2008,0,-76.64725779999999,0,20.3889751,17/11/2008
3000,27/05/2012,2,-79.01572279999999,0,22.0184755,24/05/2012
227,08/12/2013,2,-82.2903261,0,23.1196167,01/12/2013
10089,30/04/2015,3,-82.2903261,0,23.1196167,30/04/2015
0,27/07/1998,6,16.6128518,52000,49.2028594,23/07/1998
0,24/05/1987,0,121.0391764,1000,14.4802233,24/05/1987
91000,/10/1977,0,43.1497363,2500,11.5714618,/10/1977
106000,/02/1978,0,43.1497363,0,11.5714618,/02/1978
102000,18/03/1981,25,43.1497363,0,11.5714618,18/03/1981
150300,09/04/1989,10,43.1497363,1100,11.5714618,09/04/1989
20000,26/01/1993,0,43.1497363,0,11.5714618,26/01/1993
120000,19/11/1994,145,43.1497363,2119,11.5714618,19/11/1994
100000,16/04/2004,51,43.1497363,0,11.5714618,12/04/2004
1000,27/04/1979,32,-70.7080314,0,19.4791969,27/04/1979
150000,/05/1981,20,-69.9011179,0,18.5285881,/05/1981
895,14/09/1985,12,-69.9011179,0,18.5285881,14/09/1985
1191150,24/08/1988,0,-70.7080314,0,19.4791969,24/08/1988
0,/01/1993,18,-69.9011179,0,18.5285881,/01/1993
1000,22/10/1996,3,-70.7080314,0,19.4791969,22/10/1996
1450,14/05/2005,3,-70.7080314,0,19.4791969,14/05/2005
3070,07/05/2012,0,-70.7080314,0,19.4791969,07/05/2012
20950,24/02/2015,2,-70.7080314,0,19.4791969,20/02/2015
250,29/09/2015,0,-70.7080314,0,19.4791969,22/09/2015
3400,08/05/2016,0,-69.9011179,0,18.5285881,07/05/2016
0,/04/1950,50,-79.7068357,0,0.9009003999999999,/04/1950
0,/03/1953,71,-79.7068357,0,0.9009003999999999,/03/1953
20500,08/02/1967,0,-80.2319484,100,-1.8230784,08/02/1967
140500,08/04/1970,20,-79.88129959999999,500,-2.2817452,08/04/1970
10100,/11/1970,0,-78.108372,20,0.3435611,/11/1970
30000,/02/1973,0,-79.7068357,0,0.9009003999999999,/02/1973
700000,/07/1983,307,-115.944844,232100,33.2863786,/11/1982
200000,04/08/1983,0,-79.7068357,0,0.9009003999999999,04/08/1983
10000,/02/1987,0,-79.9231698,0,-2.0731818,/02/1987
30000,/06/1989,35,-79.7068357,15000,0.9009003999999999,/06/1989
205000,08/05/1992,22,-79.88129959999999,20000,-2.2817452,24/03/1992
13916,19/03/1997,27,-80.23009069999999,0,-1.8139849,09/03/1997
35091,/03/1998,218,-79.6875694,271000,-2.0984567,/10/1997
32,22/05/2000,34,-78.51042249999999,0,-0.2129938,22/05/2000
1200,10/03/2001,11,-79.9231698,0,-2.0731818,08/03/2001
8330,20/06/2001,47,-79.8990716,0,-2.2451386,11/06/2001
54113,29/04/2002,31,-79.887332,13000,-2.2796243,06/03/2002
7905,06/05/2003,0,-78.471852,0,-0.125985,06/05/2003
57670,06/05/2006,16,-78.52999849999999,2800,-0.2516833,16/02/2006
289122,03/03/2008,41,-79.91579229999999,1000000,-2.1956286,30/01/2008
500,/02/2010,12,-78.51191039999999,0,-0.2152248,/01/2010
25567,/04/2013,0,-78.51042249999999,0,-0.2129938,/01/2013
1185,23/03/2015,12,-71.60749059999999,0,-33.58161680000001,23/03/2015
10000,25/01/2016,9,-79.88129959999999,10000,-2.2817452,01/01/2016
23955,26/01/2016,0,-79.7068357,0,0.9009003999999999,24/01/2016
0,/03/1954,0,31.24505,0,30.0168075,/03/1954
66000,/10/1979,50,31.24505,14000,30.0168075,/10/1979
208,23/03/1991,1,31.4072567,0,30.1605715,23/03/1991
160660,08/11/1994,600,29.9288402,140000,31.2107318,02/11/1994
3000,20/03/1995,7,30.7507351,0,28.1042923,20/03/1995
260,18/11/1996,12,30.973071,0,27.311276,13/11/1996
0,20/10/1997,4,31.24505,1000,30.0168075,18/10/1997
70,20/12/2002,14,31.2352658,0,30.0445393,20/12/2002
3500,19/01/2010,12,31.2415256,0,30.0786245,18/01/2010
0,30/12/2010,15,30.7994565,0,28.4908358,30/12/2010
68000,17/09/1982,500,-89.7253697,280000,13.7050379,17/09/1982
39060,24/08/1988,33,-89.1464953,0,13.6879493,24/08/1988
0,//1989,10,-89.55199239999999,0,13.5132038,//1989
8000,29/09/1992,2,-89.25280839999999,0,13.6939513,28/09/1992
1500,28/09/1995,8,-88.44190259999999,0,13.3247391,28/09/1995
5450,13/09/1999,7,-99.59858799999999,1500,19.2645273,10/09/1999
400,09/09/2000,2,-88.6425265,0,13.8646251,05/09/2000
1000,21/09/2001,0,-89.19916119999999,0,13.6928799,18/09/2001
100,05/06/2002,1,-89.29149989999999,0,13.6733209,23/05/2002
0,03/10/2005,15,-89.8410834,0,13.9278814,03/10/2005
500,26/10/2007,2,-89.8410834,0,13.9278814,12/10/2007
3000,16/10/2008,0,-88.4352636,0,13.3374775,16/10/2008
300000,17/10/2011,35,-89.8410834,1000000,13.9278814,/09/2011
0,29/09/2015,1,-89.8410834,0,13.9278814,22/09/2015
16000,07/05/1968,1,44.1209058,920,5.6093204,07/05/1968
70000,/04/1976,0,43.5556345,0,5.946672,/04/1976
1000,/08/1978,9,39.5806772,0,11.7720669,/08/1978
20000,/05/1981,0,44.1209058,0,5.6093204,/05/1981
8000,17/08/1985,9,39.1343867,0,7.9605318,17/08/1985
45000,/08/1988,0,34.3310364,0,7.4623042,/08/1988
350000,01/09/1990,0,34.3310364,0,7.4623042,27/08/1990
4800,/08/1993,0,38.7614769,0,9.0109684,/08/1993
30000,/08/1993,2,38.6657569,0,8.465708900000001,/08/1993
43014,18/08/1994,4,39.5806772,3500,11.7720669,15/08/1994
93875,15/05/1995,27,44.1209058,500,5.6093204,28/04/1995
90000,08/06/1996,40,34.5887697,0,8.2562728,08/06/1996
25000,25/08/1996,0,34.5887697,0,8.2562728,12/08/1996
79000,02/11/1999,34,44.7350863,0,5.244615500000001,30/10/1999
31000,10/08/2001,5,41.0835415,0,11.7380499,10/08/2001
6000,/07/2001,0,34.3310364,0,7.4623042,/07/2001
2500,/08/2001,0,36.6113269,0,14.2927888,/08/2001
4000,21/04/2002,22,40.3088626,0,13.6533,16/04/2002
110000,20/05/2003,119,42.0055456,0,9.3932121,28/04/2003
235418,26/04/2005,156,41.8380885,5000,9.606859,23/04/2005
0,22/05/2005,42,41.8597197,1200,9.593999499999999,20/05/2005
7000,01/09/2005,0,39.5806772,0,11.7720669,19/08/2005
0,01/09/2005,13,39.5806772,0,11.7720669,01/09/2005
10000,25/04/2006,0,40.3088626,0,13.6533,09/04/2006
