affected,end_date,deaths,lon,damage,lat,start_date
0,/07/1956,51,69.19851489999999,0,34.53980689999999,/07/1956
0,/04/1963,107,69.19851489999999,0,34.53980689999999,/04/1963
250000,/01/1972,150,70.4424473,0,37.5462854,/01/1972
80000,/04/1976,51,62.1684337,0,34.3832898,/04/1976
161000,/06/1988,0,70.4424473,260000,37.5462854,/06/1988
108400,17/02/1991,415,70.4424473,60000,37.5462854,06/02/1991
4000,31/09/1992,450,69.1373559,4000,34.5435456,31/09/1992
0,08/05/1992,150,70.5712795,0,37.1189558,08/05/1992
9855,23/04/1996,70,70.4424473,0,37.5462854,09/04/1996
20000,15/05/1997,40,69.54184699999999,0,34.886905,12/05/1997
750,08/09/1997,30,70.2135055,0,34.5858903,07/09/1997
300,27/02/1998,30,65.777725,0,31.6003498,20/02/1998
1200,26/04/2002,7,69.1590911,0,34.4800398,23/04/2002
0,/01/2003,10,65.777725,0,31.6003498,/01/2003
2000,28/03/2003,11,69.16866639999999,0,34.53016119999999,17/03/2003
100,21/06/2003,13,71.6702327,0,36.0107624,16/06/2003
0,09/07/2003,15,69.0453833,0,34.0870361,09/07/2003
2500,17/01/2004,0,62.2159002,0,34.2151954,15/01/2004
2000,19/07/2004,16,67.45092629999999,0,33.1348111,13/07/2004
500,08/05/2005,20,73.0522209,0,31.42861509999999,04/05/2005
5040,17/06/2005,48,70.4424473,0,37.5462854,16/06/2005
0,12/09/2005,12,71.13920879999999,0,34.8603973,11/09/2005
0,12/09/2005,12,77.4237055,0,28.6643487,11/09/2005
5025,01/05/2006,19,73.0808972,0,31.4245522,28/04/2006
615,23/05/2006,21,65.2753188,0,34.5270183,19/05/2006
0,13/07/2006,10,69.95,0,33.333333,09/07/2006
2950,18/05/2007,23,70.4424473,0,37.5462854,14/05/2007
1180,/08/2008,0,69.75923,0,34.5916122,/08/2008
2500,15/04/2009,19,66.47724149999999,0,34.2321707,04/04/2009
40000,08/05/2010,70,62.1684337,0,34.3832898,05/05/2010
5000,03/08/2010,65,69.1310781,0,34.567108,27/07/2010
3065,16/02/2011,25,62.2181358,0,34.3516873,10/02/2011
4300,20/06/2012,35,65.2753188,0,34.5270183,18/06/2012
9500,29/04/2013,20,68.7479615,0,36.1769146,25/04/2013
2597,07/08/2013,52,69.2517508,0,34.5487781,01/08/2013
0,14/08/2013,31,69.0247759,0,34.6885949,10/08/2013
140100,02/05/2014,431,70.4424473,0,37.5462854,24/04/2014
0,08/04/2016,30,66.47724149999999,0,34.2321707,02/04/2016
0,17/04/2016,31,68.7479615,0,36.1769146,16/04/2016
0,12/05/2016,6,69.19851489999999,0,34.53980689999999,09/05/2016
0,19/07/2016,17,69.9227214,0,33.3405764,19/07/2016
35000,19/11/1992,11,19.8071691,7000,41.3240889,17/11/1992
1500,20/09/1995,4,19.7136823,0,41.6357347,20/09/1995
2000,27/12/1995,0,19.5101835,0,42.0662632,27/12/1995
8000,23/12/1997,0,19.5969772,0,41.6785235,20/12/1997
66884,10/10/2002,1,19.5969772,17500,41.6785235,21/09/2002
500,03/12/2005,3,19.4825803,0,40.480595,30/11/2005
6600,08/01/2010,0,19.815062,0,41.32883,27/12/2009
14000,03/12/2010,0,19.5969772,0,41.6785235,03/12/2010
42000,02/02/2015,0,19.9645726,0,40.7657963,01/02/2015
0,02/02/2015,0,19.7277546,0,40.6100328,31/01/2015
300,04/12/2015,1,20.4156148,0,42.015774,21/11/2015
4500,10/11/2016,2,19.4825803,0,40.480595,07/11/2016
0,01/11/1927,3000,0.0844955,0,35.9338007,01/11/1927
0,/09/1952,25,3.8220426,0,36.5354429,/09/1952
45400,/12/1963,0,-94.9851528,0,29.3833217,/12/1963
35912,06/10/1966,57,1.3547607,10000,36.1584495,06/10/1966
200237,/10/1969,76,3.0896085,10000,36.7231452,/09/1969
146000,/03/1973,21,3.8220426,10000,36.5354429,/03/1973
20000,31/03/1974,11,3.2761485,30000,36.7059583,31/03/1974
30000,/12/1979,0,0.5678774,0,35.7485642,/12/1979
50,04/09/1981,43,5.6964986,0,36.1594659,04/09/1981
8514,10/11/1982,37,7.760588299999999,0,36.9030605,10/11/1982
1470,/11/1984,54,0.5678774,0,35.7485642,/11/1984
15000,09/01/1985,26,3.8220426,0,36.5354429,09/01/1985
2258,29/01/1992,21,3.0896085,900,36.7231452,21/01/1992
1200,26/09/1994,32,4.7627071,0,36.0789402,21/09/1994
101,30/04/1996,4,8.4372723,0,36.8867041,23/04/1996
702,14/01/1999,12,-0.0371592,0,29.5206362,14/01/1999
0,06/08/2000,7,4.774401800000001,0,36.3500021,06/08/2000
100,25/10/2000,28,-0.354315,0,35.1916776,22/10/2000
5,13/10/2000,9,-1.3867226,0,35.2989241,13/10/2000
45423,14/11/2001,921,3.0622323,300000,36.786718,10/11/2001
4,12/10/2002,13,6.6026212,0,36.4099332,09/10/2002
0,07/12/2002,6,5.0706679,0,36.75210210000001,07/12/2002
50,05/04/2003,15,3.8220426,0,36.5354429,02/04/2003
0,11/08/2003,13,0.1662433,0,26.723869,09/08/2003
0,18/10/2003,13,7.757624400000001,0,36.8973768,15/10/2003
27545,16/04/2004,3,-0.0371592,0,29.5206362,14/04/2004
20,14/11/2004,19,3.0620023,0,36.7312597,13/11/2004
70,09/03/2005,11,6.4084208,0,29.7891668,06/03/2005
60000,15/02/2006,1,-1.9264212,1200,34.6711791,10/02/2006
0,23/03/2007,15,0.5722953,0,35.7506329,21/03/2007
0,03/08/2007,12,0.0844955,0,35.9338007,03/08/2007
0,24/09/2007,18,4.5379514,29500,35.7301413,21/09/2007
1203,02/12/2007,14,3.0622323,0,36.786718,24/11/2007
59050,17/10/2008,93,2.8711857,348000,30.5974801,01/10/2008
2548,27/01/2009,33,2.4524456,0,35.8257905,20/01/2009
0,13/09/2009,15,4.5379514,0,35.7301413,10/09/2009
45,14/02/2012,49,-0.6512508,0,35.7015357,03/02/2012
56,02/09/2012,20,8.104504200000001,0,35.39700029999999,31/08/2012
35000,28/10/2015,0,-1.9264212,0,34.6711791,16/10/2015
3,19/05/2003,6,-170.711389,50000,-14.331389,18/05/2003
100000,/04/1989,0,13.8357568,0,-11.1963259,/04/1989
6000,27/03/2000,3,13.5239309,0,-8.409336099999999,27/03/2000
3000,10/04/2000,1,13.5511215,0,-10.2535551,10/04/2000
600,20/02/2003,9,13.2656626,0,-8.8686969,06/02/2003
225,23/11/2003,6,15.0506258,0,-7.613827,22/11/2003
0,02/06/2004,0,13.1888598,0,-8.9214152,01/02/2004
10000,28/03/2005,0,14.9090766,0,-9.3042743,27/01/2005
225,/01/2006,0,13.4953657,0,-14.9164762,/01/2006
6000,10/05/2007,0,13.1888598,0,-8.9214152,10/01/2007
40000,25/01/2007,105,13.2656626,0,-8.8686969,17/01/2007
81400,03/03/2008,7,17.7192104,0,-14.6605954,31/01/2008
415,16/02/2009,2,13.2656626,0,-8.8686969,14/02/2009
4650,10/12/2009,0,13.2436692,0,-8.826850499999999,10/12/2009
3895,18/10/2010,18,13.2656626,0,-8.8686969,15/10/2010
0,04/01/2011,17,13.2656626,0,-8.8686969,03/01/2011
65084,/03/2011,113,15.7273565,0,-17.0664611,/03/2011
5500,09/01/2012,0,15.0506258,0,-7.613827,15/12/2011
1000,07/04/2013,9,13.2656626,0,-8.8686969,06/04/2013
2000,14/02/2015,5,13.5906026,0,-8.860318399999999,13/02/2015
2000,23/03/2015,1,13.2656626,0,-8.8686969,09/03/2015
1000,23/03/2015,69,13.2656626,0,-8.8686969,09/03/2015
0,29/02/2016,54,13.4953657,0,-14.9164762,29/02/2016
2755,06/03/2016,6,13.8408505,0,-11.2057717,03/03/2016
3200,22/04/2016,19,-84.80563099999999,0,41.607747,19/04/2016
1544,10/03/2016,30,13.8408505,0,-11.2057717,01/03/2016
0,/07/1958,360,-58.42375200000001,0,-34.6011716,/07/1958
120000,28/02/1966,62,-58.42375200000001,30000,-34.6011716,28/02/1966
212000,10/10/1967,56,-58.37689810000001,3000,-34.59315369999999,10/10/1967
0,04/01/1970,36,-60.62551619999999,25000,-32.9539718,04/01/1970
2500,/01/1977,0,-58.42375200000001,0,-34.6011716,/01/1977
1600,/01/1978,0,-56.8710074,0,-37.1264681,/01/1978
20000,/05/1979,0,-58.4280915,0,-34.6206704,/05/1979
4000,15/03/1980,10,-58.0585148,0,-34.861923,15/03/1980
36000,01/05/1980,31,-58.3815591,0,-34.6036844,01/05/1980
50000,/12/1982,0,-58.42375200000001,0,-34.6011716,/12/1982
5830000,/05/1983,0,-44.2167644,1000000,-2.5016021,/05/1983
250000,/10/1983,0,-58.42375200000001,800000,-34.6011716,/08/1983
206000,/10/1985,12,-58.3815591,1300000,-34.6036844,/10/1985
1000000,30/05/1985,25,-58.6155901,230000,-34.4522885,30/05/1985
204000,06/05/1986,3,-58.42880939999999,0,-34.6171757,11/04/1986
12000,/04/1987,0,-58.3815591,0,-34.6036844,/04/1987
4600000,23/03/1988,25,-58.3815591,490000,-34.6036844,23/03/1988
2000,/04/1990,21,-58.3815591,0,-34.6036844,/04/1990
2000,06/01/1992,45,-68.9394157,250000,-37.3870157,01/01/1992
86074,02/07/1992,0,-58.4280915,260000,-34.6206704,01/04/1992
0,15/05/1993,0,-58.39628749999999,400000,-34.6094644,11/05/1993
0,/01/1993,0,-58.42880939999999,92000,-34.6171757,/01/1993
0,/09/1993,0,-58.3815591,600000,-34.6036844,/09/1993
1000,21/01/1995,0,-58.5448215,0,-34.6589787,21/01/1995
1500,17/03/1995,0,-68.47748899999999,0,-33.0965863,17/03/1995
12500,04/11/1997,0,-58.4993234,0,-34.4920005,04/11/1997
360000,24/06/1998,19,-59.2576482,1100000,-29.1336372,11/04/1998
6000,17/03/2000,7,-58.40765990000001,0,-34.610248,09/03/2000
30040,15/05/2000,4,-57.53009199999999,0,-38.023724,15/05/2000
0,16/11/2000,0,-58.3815591,300000,-34.6036844,09/11/2000
1800,22/11/2000,2,-61.38883689999999,0,-32.8382015,22/11/2000
600,21/03/2001,0,-58.3815591,0,-34.6036844,21/03/2001
700,/07/2001,0,-58.3917004,0,-34.7362818,/07/2001
250000,01/12/2001,1,-58.3815591,750000,-34.6036844,01/10/2001
6000,12/10/2002,4,-58.3815591,0,-34.6036844,12/10/2002
6000,02/11/2002,4,-58.3815591,0,-34.6036844,12/10/2002
3000,10/02/2003,4,-58.4566864,0,-34.5620844,10/02/2003
160000,10/05/2003,23,-54.6891747,1028210,-27.0222264,28/04/2003
1307,01/07/2004,5,-58.6881855,0,-34.5450496,01/07/2004
5000,10/12/2004,0,-58.42880939999999,0,-34.6171757,06/12/2004
4500,/04/2006,0,-58.3834605,0,-34.6085748,/03/2006
65000,20/03/2007,5,-58.36864909999999,30000,-34.6004204,18/01/2007
70000,26/04/2007,5,-58.3960706,10000,-34.599336,20/03/2007
85000,30/03/2008,0,-65.4617009,0,-24.8542445,28/01/2008
30618,22/11/2009,7,-58.42880939999999,0,-34.6171757,14/11/2009
3510,28/12/2009,2,-59.00544739999999,0,-34.3029463,28/12/2009
10000,04/12/2012,6,-58.4993234,0,-34.4920005,20/11/2012
350000,07/04/2013,52,-58.3815591,1300000,-34.6036844,01/04/2013
2000,08/04/2014,0,-70.2674427,0,-37.3829787,01/04/2014
0,30/06/2014,0,-58.42880939999999,62000,-34.6171757,07/06/2014
5203,04/11/2014,3,-58.3815591,0,-34.6036844,30/10/2014
15000,04/03/2015,2,-64.2064994,0,-31.3856238,04/03/2015
50000,12/08/2015,3,-58.5765604,0,-34.6526937,05/08/2015
76133,11/01/2016,6,-58.0415445,0,-31.3715228,20/12/2015
72119,10/04/2016,0,-58.021441,1300000,-31.4082472,04/04/2016
7000,22/06/1997,4,46.3438725,8000,39.49939940000001,22/06/1997
144,30/05/1998,0,44.5832832,120,40.2173546,30/05/1998
0,09/03/2004,1,44.3731356,0,40.3326624,05/03/2004
0,/02/1955,70,115.9359712,0,-32.0213675,/02/1955
0,09/02/1971,27,151.0659235,20000,-33.9131654,09/02/1971
12000,/12/1973,12,153.1755074,71000,-27.6623065,/12/1973
0,/01/1974,14,152.8623409,5972,-27.6016682,/01/1974
0,/03/1975,0,151.1746559,54684,-33.8880158,/03/1975
10000,/10/1976,0,149.2265238,0,-35.3563591,/10/1976
0,/03/1977,0,151.5578908,17686,-33.1947491,/03/1977
0,/03/1978,6,151.1746559,17258,-33.8880158,/03/1978
0,/05/1978,1,145.3674516,3452,-38.0437813,/05/1978
0,/01/1981,2,153.1755074,11279,-27.6623065,/01/1981
0,/08/1981,0,151.2483433,150000,-33.8731099,/08/1981
0,/02/1981,0,151.2656907,38236,-27.1866599,/02/1981
0,09/11/1984,36,151.2140896,3000,-33.8799386,09/11/1984
0,/12/1985,0,147.1537083,5778,-41.4590373,/12/1985
0,03/08/1986,8,115.8946674,64200,-31.9354827,03/08/1986
0,/03/1988,6,133.878179,0,-23.696283,/03/1988
0,/04/1988,0,151.9880998,68055,-27.583904,/04/1988
0,//1988,10,115.9359712,0,-32.0213675,//1988
0,/04/1989,9,151.9880998,0,-27.583904,/04/1989
0,16/01/1991,6,153.3695824,78200,-28.0483452,25/12/1990
20530,15/10/1993,1,153.4301196,4600,-28.0295793,03/10/1993
3106,25/11/1996,1,153.1140183,131000,-30.2966793,25/11/1996
10120,09/05/1996,4,152.8623409,205300,-27.6016682,02/05/1996
400,04/02/1997,0,153.4292613,0,-28.0267303,04/02/1997
200,01/02/1998,2,150.9120064,61300,-33.8745207,01/01/1998
1175,28/01/1998,2,153.0672301,100000,-27.4858298,25/01/1998
7000,05/03/1998,0,153.1755074,0,-27.6623065,05/03/1998
300,24/06/1998,1,145.106277,0,-37.900291,22/06/1998
200,08/09/1998,14,147.7693438,100000,-29.7455596,17/07/1998
6300,09/09/1998,1,151.1480447,122700,-33.93432,21/07/1998
600,02/12/2000,0,149.8525388,265000,-29.4741905,17/11/2000
330,/01/2001,1,150.9471208,12000,-33.8657702,/01/2001
0,01/02/2001,0,153.0167393,0,-30.1335026,01/02/2001
670,23/02/2001,0,131.2158298,13000,-16.8166002,18/02/2001
3001,15/03/2001,3,149.3410204,200000,-36.1696512,08/03/2001
20,12/02/2003,1,150.9876946,2000,-34.2298395,05/02/2003
100,24/02/2003,0,152.9390798,0,-29.6952301,21/02/2003
300,18/05/2003,0,151.3274295,0,-33.4491887,13/05/2003
50,02/12/2003,0,145.000331,75000,-37.76341499999999,02/12/2003
3400,25/02/2004,0,139.490431,32000,-20.7277689,14/01/2004
100,22/10/2004,0,138.519917,5500,-35.0016513,19/10/2004
120,22/12/2004,3,150.5888605,15000,-25.624431,08/12/2004
3000,03/07/2005,3,153.3198869,58000,-27.880603,30/06/2005
1100,10/04/2006,0,151.1198896,0,-33.7896317,05/04/2006
5000,12/06/2007,9,151.3274295,1300000,-33.4491887,08/06/2007
3000,09/01/2008,1,152.8623409,90000,-27.6016682,03/01/2008
3200,01/02/2008,0,151.0676986,600000,-34.0062304,14/01/2008
1000,26/02/2008,2,149.1846228,1100000,-21.1195828,13/02/2008
1200,23/11/2008,4,145.013408,275000,-37.679089,20/11/2008
200,28/12/2009,0,151.5578908,0,-33.1947491,25/12/2009
9000,25/02/2009,7,153.1755074,150000,-27.6623065,13/01/2009
0,16/02/2010,0,149.8308067,0,-36.6643143,13/02/2010
0,17/03/2010,0,146.2348929,109000,-26.4121356,28/02/2010
10000,15/09/2010,0,147.0000239,0,-41.3475538,01/09/2010
1000,06/12/2010,0,146.8263027,0,-19.4206593,27/11/2010
175000,04/02/2011,35,151.5578908,7300000,-33.1947491,25/12/2010
217,18/03/2011,0,138.5967096,0,-34.89819600000001,14/03/2011
13000,07/03/2012,2,151.5578908,225000,-33.1947491,22/01/2012
3000,16/03/2012,2,151.5578908,363000,-33.1947491,24/02/2012
0,03/05/2015,6,153.1755074,400000,-27.6623065,30/04/2015
280,22/09/2016,1,151.2483433,0,-33.8731099,10/09/2016
0,13/10/1980,0,15.6942094,0,46.9939141,13/10/1980
0,18/05/1982,0,12.985545,0,47.793652,18/05/1982
0,22/09/1983,0,16.3761738,0,48.2066887,22/09/1983
0,07/08/1985,12,15.5503673,0,47.6751857,07/08/1985
0,06/08/1991,5,12.6049021,82000,47.2755254,02/08/1991
0,27/06/1995,2,12.6049021,200,47.2755254,27/06/1995
0,23/06/1996,0,12.6049021,5000,47.2755254,19/06/1996
0,22/07/1997,3,12.6049021,175000,47.2755254,08/07/1997
0,30/06/1999,3,12.6049021,32000,47.2755254,11/05/1999
60000,20/08/2002,9,16.2748525,2400000,48.123788,12/08/2002
900,12/07/2005,0,12.6049021,0,47.2755254,10/07/2005
0,26/08/2005,4,14.4450299,700000,47.1984609,21/08/2005
516,17/04/2006,0,15.6326184,0,48.1982382,28/03/2006
0,28/06/2009,1,16.4128253,200000,47.5959669,22/06/2009
0,19/07/2009,0,15.4590253,0,47.0692217,16/07/2009
200,03/06/2013,4,12.6049021,1000000,47.2755254,02/06/2013
0,01/06/2016,0,12.6049021,0,47.2755254,01/06/2016
1650000,25/06/1995,0,49.8670925,6700,40.40926169999999,15/06/1995
6000,05/10/1995,5,48.87498739999999,4000,41.2843472,05/10/1995
75000,05/06/1997,11,45.4665444,25000,40.7436203,05/06/1997
31500,04/06/2003,0,49.0703486,55000,40.9133383,16/04/2003
5000,21/09/2009,0,48.9329794,0,40.046031,21/09/2009
70000,13/05/2010,3,48.4765208,0,40.0080037,04/05/2010
0,/06/1988,0,-82.64828090000002,0,27.7435096,/06/1988
0,//1960,10000,91.71524289999999,0,22.5023678,//1960
0,/07/1963,30,91.71524289999999,0,22.5023678,/07/1963
1000000,/07/1964,0,89.24430369999999,5000,25.7200561,/07/1964
500000,/06/1966,39,91.86624619999999,1000,24.9086127,/06/1966
10000000,/07/1970,0,91.71524289999999,25000,22.5023678,/07/1970
0,25/06/1972,50,91.86624619999999,0,24.9086127,25/06/1972
0,/03/1973,427,91.71524289999999,0,22.5023678,/03/1973
0,/08/1973,0,91.71524289999999,0,22.5023678,/08/1973
38000000,/07/1974,28700,91.71524289999999,579200,22.5023678,/07/1974
4000000,15/06/1976,168,90.4255915,0,23.7686441,15/06/1976
200000,/09/1977,5,90.4934594,0,24.6195908,/09/1977
13650,13/10/1977,8,91.71524289999999,0,22.5023678,13/10/1977
400000,/08/1978,17,91.31453169999999,0,22.8441747,/08/1978
10000000,/08/1980,655,89.5432775,150000,22.8155049,/08/1980
308000,07/09/1982,0,88.6177005,0,24.3824506,07/09/1982
60000,/04/1983,78,89.2561758,0,25.7501424,/04/1983
4100000,/07/1983,12,91.71524289999999,0,22.5023678,/07/1983
3000000,/09/1983,114,91.71524289999999,0,22.5023678,/09/1983
0,/08/1983,41,91.71524289999999,0,22.5023678,/08/1983
30000000,/05/1984,1200,90.42220619999999,0,24.7375356,/05/1984
100000,/06/1985,7,91.8345784,0,24.909502,/06/1985
400000,05/07/1985,27,89.24430369999999,0,25.7200561,05/07/1985
100000,02/08/1986,4,88.48518899999999,0,24.5924104,02/08/1986
300000,07/08/1986,26,88.32404849999999,0,24.6612046,07/08/1986
29700000,22/07/1987,2055,89.24430369999999,330000,25.7200561,22/07/1987
0,/08/1987,225,91.71524289999999,727500,22.5023678,/08/1987
45000000,/09/1988,2379,91.71524289999999,2137000,22.5023678,/06/1988
0,/07/1988,61,91.8345784,0,24.909502,/07/1988
200000,14/08/1989,180,91.86624619999999,0,24.9086127,14/08/1989
11600,30/03/1990,166,91.3525002,0,24.1715976,24/03/1990
2000000,06/09/1990,65,88.48518899999999,6000,24.5924104,14/07/1990
200000,10/09/1991,65,89.24430369999999,150000,25.7200561,02/09/1991
1200000,26/05/1991,200,91.86624619999999,0,24.9086127,14/05/1991
200,18/04/1992,15,90.777515,0,24.4504183,18/04/1992
45000,26/06/1992,2,92.48885729999999,0,24.8316821,22/06/1992
30000,11/07/1992,0,90.41567669999999,0,23.7955252,11/07/1992
3207056,22/06/1993,28,91.4643644,0,24.2841792,04/06/1993
11469537,31/08/1993,162,89.3624926,0,24.8620685,01/07/1993
1075020,21/08/1993,4,91.8124369,0,22.3950583,21/08/1993
25000,03/06/1994,3,91.86624619999999,0,24.9086127,01/06/1994
370000,19/08/1994,40,88.48518899999999,0,24.5924104,19/08/1994
0,19/04/1994,61,90.2724507,0,22.7102759,19/04/1994
100,19/05/1994,12,90.41567669999999,0,23.7955252,19/05/1994
12656006,23/06/1995,250,91.86624619999999,200000,24.9086127,16/06/1995
461325,15/05/1995,50,91.8124369,0,22.3950583,15/05/1995
1250000,16/10/1995,400,88.63687720000001,175000,25.6388084,29/09/1995
351000,24/05/1995,41,91.8124369,300,22.3950583,17/05/1995
5663319,02/08/1996,33,89.62817299999999,10000,25.8094698,19/07/1996
165000,07/09/1996,22,88.6177005,0,24.3824506,26/08/1996
900030,13/07/1997,79,90.41567669999999,229000,23.7955252,13/07/1997
15000050,22/09/1998,1050,90.40190229999999,4300000,23.8004718,05/07/1998
441270,03/08/1999,31,91.1817487,0,23.46327,11/07/1999
50050,15/08/1999,17,91.8135891,0,22.3397485,11/08/1999
0,20/07/1999,82,91.71524289999999,0,22.5023678,30/06/1999
4000,05/08/1999,0,89.7766044,0,24.3997512,28/07/1999
100,11/04/1999,66,90.4871938,0,22.6899731,10/04/1999
200050,24/06/2000,11,91.8394152,0,22.3575206,24/06/2000
2467138,/10/2000,31,88.76236639999999,500000,23.8045989,/09/2000
500000,05/06/2001,9,88.8245373,0,26.1054653,05/06/2001
200000,31/08/2001,0,91.8345784,0,24.909502,31/08/2001
1500000,/08/2002,10,90.40190229999999,0,23.8004718,/07/2002
50000,10/10/2003,187,91.8345784,0,24.909502,11/06/2003
500000,03/07/2003,65,91.9422305,0,23.0720556,19/06/2003
36000000,03/08/2004,730,90.4142914,2200000,23.780582,20/06/2004
600000,18/09/2004,20,90.9310335,0,23.637634,11/09/2004
271700,18/10/2004,11,90.36296589999999,0,23.795222,07/10/2004
50000,28/05/2005,13,91.8345784,0,24.909502,25/05/2005
1000000,27/07/2005,23,89.62817299999999,0,25.8094698,07/07/2005
100000,20/10/2005,19,91.0451887,0,23.0099486,03/10/2005
76000,24/07/2006,0,91.9422305,0,23.0720556,31/05/2006
135775,20/09/2006,0,89.2278403,0,23.1599961,24/08/2006
80060,12/06/2007,120,91.8310611,14000,22.3664178,11/06/2007
13771380,03/08/2007,1110,89.67688509999999,100000,23.4236818,21/07/2007
20002,13/07/2008,16,91.9844177,0,21.4160368,26/06/2008
615638,08/09/2008,12,89.3624926,0,24.8620685,30/08/2008
500000,06/07/2009,6,91.3525002,0,24.1715976,03/07/2009
0,29/07/2009,10,91.1817487,0,23.46327,29/07/2009
75000,24/06/2010,0,90.8440435,0,24.6602771,24/06/2010
500000,12/10/2010,15,91.8124369,0,22.3950583,01/10/2010
1570559,29/07/2011,10,91.9844177,0,21.4160368,21/07/2011
5148475,02/07/2012,139,91.8124369,0,22.3950583,24/06/2012
250000,28/09/2012,0,90.35654269999999,0,22.7076146,21/09/2012
2800447,10/09/2014,59,89.4340888,160000,26.0006839,11/08/2014
400000,/09/2014,0,89.3624926,0,24.8620685,/09/2014
1401901,30/06/2015,20,92.21803399999999,40000,22.1964823,23/06/2015
10000,27/07/2015,11,90.35654269999999,0,22.7076146,25/07/2015
1900000,02/08/2016,106,89.62817299999999,0,25.8094698,19/07/2016
100,03/10/1984,0,-59.5824905,0,13.2560646,03/10/1984
40000,12/08/1993,0,26.8571286,100000,51.899561,25/07/1993
2000,10/04/1999,2,23.6466874,4380,52.0994234,07/03/1999
0,/04/1906,0,4.3639297,0,51.1522562,/04/1906
0,//1926,0,4.3639297,0,51.1522562,//1926
6000,//1928,0,4.3639297,0,51.1522562,//1928
0,22/11/1930,0,4.0370292,0,50.9655658,22/11/1930
350,31/01/1953,11,2.8888513,0,51.21783509999999,31/01/1953
0,29/05/1956,4,6.0287036,0,50.6314482,29/05/1956
600,26/08/1971,0,5.5598139,0,50.6364214,26/08/1971
0,24/08/1987,0,4.3639297,0,51.1522562,24/08/1987
600,11/01/1993,0,4.467957699999999,0,50.4514682,11/01/1993
0,31/12/1993,0,4.3639297,17000,51.1522562,20/12/1993
135,/08/1994,0,4.826277,0,50.6728374,/08/1994
140,14/09/1998,1,4.9913627,10000,50.9977087,12/09/1998
600,26/08/2002,0,4.3586671,0,50.4799511,26/08/2002
0,08/01/2003,0,3.8287848,0,50.7167477,01/01/2003
210,11/09/2005,0,5.509937,0,50.2345939,10/09/2005
690,15/11/2010,3,4.359160399999999,238146,50.85476360000001,11/11/2010
17000,/12/1979,0,-88.76623889999999,0,17.2546932,/12/1979
0,20/05/1990,0,-88.19070630000002,2200,17.5062139,20/05/1990
2600,/10/1995,0,-88.19070630000002,500,17.5062139,/10/1995
38000,12/11/2008,1,-89.0766604,9697,17.1606374,19/10/2008
20000,19/10/2015,0,-88.19070630000002,0,17.5062139,15/10/2015
580000,03/06/1982,0,1.8692193,0,6.414749,03/06/1982
475000,/10/1985,61,1.8692193,4800,6.414749,/10/1985
84000,/09/1988,0,2.6362413,0,9.3361199,/09/1988
123000,/07/1995,20,1.8692193,3100,6.414749,/07/1995
148727,29/09/1996,11,2.3668426,0,7.2189047,29/09/1996
51000,24/06/1997,0,2.4207527,0,6.352583699999999,24/06/1997
420000,/08/1998,0,1.3800817,0,10.3212898,/08/1998
10884,/09/2007,10,1.2440714,0,6.1710311,/07/2007
59419,/08/2009,3,1.7080958,0,6.6179162,/08/2009
5840,/07/2011,0,1.7131505,0,6.641633199999999,20/06/2011
600,06/10/1994,22,89.869473,0,27.5674062,06/10/1994
9000,/06/2001,0,18.7911759,0,44.87647750000001,/06/2001
275000,14/04/2004,0,18.380621,0,43.8435928,06/04/2004
3000,03/04/2004,0,17.4485495,0,44.0519464,23/03/2004
3100,09/12/2005,0,15.8606665,0,44.8141487,06/12/2005
14910,22/06/2010,0,18.3975117,87000,44.8876995,20/06/2010
20000,05/12/2010,3,17.2276243,0,43.7168867,03/12/2010
1000000,20/05/2014,25,16.6678315,436580,44.76532659999999,13/05/2014
600,06/08/2014,1,17.1996,0,44.78614630000001,06/08/2014
0,15/09/2014,0,15.9371599,0,44.9579335,14/09/2014
0,16/10/2015,0,16.8145949,0,45.1767123,14/10/2015
1000,19/01/1972,0,27.8183473,50,-21.9800052,19/01/1972
12007,/02/1988,8,27.8183473,0,-21.9800052,/02/1988
5500,19/02/1995,20,25.9352066,0,-24.6201896,19/02/1995
138776,/02/2000,3,25.936947,5000,-24.6725765,/02/2000
4960,02/06/2004,0,23.4329607,0,-19.8785979,01/02/2004
867,/03/2009,0,25.9362264,0,-24.6735958,/03/2009
3789,01/07/2009,0,25.936947,0,-24.6725765,10/05/2009
0,/03/2011,0,25.9362264,0,-24.6735958,/03/2011
0,/12/1948,200,-92.94327229999999,0,40.7394878,/12/1948
0,/12/1957,112,-92.94327229999999,0,40.7394878,/12/1957
0,/09/1959,100,-92.94327229999999,0,40.7394878,/09/1959
15000,/04/1964,0,-75.8398102,0,41.2663306,/04/1964
5000,05/07/1964,0,-52.5923009,500,-23.656009,05/07/1964
30000,/06/1965,16,-48.208794,7000,-13.5301046,/06/1965
240000,16/08/1965,6,-92.94327229999999,10000,40.7394878,16/08/1965
53581,11/01/1966,373,-43.3737893,51000,-22.8426301,11/01/1966
154557,21/05/1966,147,-38.3260615,9914,-12.706893,21/05/1966
0,/03/1966,40,-92.94327229999999,0,40.7394878,/03/1966
22093,23/01/1967,785,-92.94327229999999,7800,40.7394878,23/01/1967
87000,30/03/1967,0,-56.0673525,5000,-9.842251,30/03/1967
15000,20/09/1967,0,-49.4683145,1000,-29.035031,20/09/1967
65450,28/12/1967,35,-92.94327229999999,1500,40.7394878,28/12/1967
38305,14/03/1969,316,-56.0673525,5770,-9.842251,14/03/1969
104371,21/07/1970,172,-34.9317513,46000,-8.0856197,21/07/1970
0,26/02/1971,130,-43.17528840000001,0,-22.9186215,26/02/1971
13000,26/04/1971,109,-38.3260615,5200,-12.706893,26/04/1971
0,26/03/1973,20,-92.94327229999999,16000,40.7394878,26/03/1973
325000,/03/1974,205,-46.6871447,121000,-23.4589294,/03/1974
828000,18/07/1975,118,-48.208794,254900,-13.5301046,18/07/1975
125000,/05/1977,2,-34.9317513,0,-8.0856197,/05/1977
6000,09/08/1977,0,-46.4823218,0,-23.6717422,09/08/1977
0,/01/1977,60,-92.94327229999999,0,40.7394878,/01/1977
1000,/01/1978,26,-42.0391397,0,-22.8876479,/01/1978
1500000,/01/1979,300,-42.55395619999999,0,-19.4595141,/01/1979
1000,/01/1980,17,-43.950321,0,-19.781345,/01/1980
270000,/02/1980,50,-92.94540930000001,0,40.7780594,/02/1980
50000,/04/1981,30,-41.4537623,0,-4.4338427,/04/1981
2300,02/12/1981,67,-43.22299659999999,0,-22.9027704,02/12/1981
3008300,/01/1983,68,-43.950321,12000,-19.781345,/01/1983
330000,/05/1983,75,-95.440992,338000,30.866568,/05/1983
50000,/04/1984,30,-34.9317513,0,-8.0856197,/04/1984
159600,/06/1984,17,-46.4823218,1000000,-23.6717422,/06/1984
120400,/06/1984,10,-44.1089923,1000000,-19.9342643,/06/1984
60000,/12/1984,200,-42.55395619999999,0,-19.4595141,/12/1984
1500,/05/1984,6,-34.884246,0,-7.121521,/05/1984
600000,/04/1985,100,-42.2325569,200000,-15.8031591,/04/1985
8335,/04/1986,28,-46.4823218,0,-23.6717422,/04/1986
9000,26/01/1987,95,-46.7147818,62000,-23.3066924,26/01/1987
1500,25/12/1987,12,-42.55395619999999,0,-19.4595141,25/12/1987
3020734,02/02/1988,289,-38.3895145,1000000,-12.3726465,02/02/1988
