affected,end_date,deaths,lon,damage,lat,start_date
0,/09/1993,0,69.19851489999999,0,34.53980689999999,/09/1993
0,/10/1987,0,3.0604082,0,36.77425059999999,/10/1987
0,/04/2000,0,138.6193776,120000,-35.0144028,/04/2000
0,/08/2004,0,151.5578908,0,-33.1947491,/08/2004
0,//1986,0,27.8183473,0,-21.9800052,//1986
2000,19/06/1991,0,-43.529745,0,-22.8783762,19/06/1991
0,//1987,0,-1.4943099,0,12.3597836,//1987
0,/08/2004,0,-1.4943099,0,12.3597836,/08/2004
0,22/03/1988,0,-15.58193,0,28.13103,22/03/1988
0,/08/2004,0,-15.58193,0,28.13103,/08/2004
0,/01/1987,0,9.408943299999999,0,4.610854499999999,/01/1987
0,10/07/1998,0,-74.1144175,1700,41.0271684,10/07/1998
0,/02/1987,0,-91.8275055,0,34.9681529,/02/1987
0,/05/1988,0,-80.7730409,0,38.6746313,/05/1988
0,/07/2004,0,-91.8275055,0,34.9681529,/07/2004
0,17/05/1995,0,-75.5251432,104000,5.0836435,17/05/1995
0,/07/1995,0,36.659191,0,15.1048967,/07/1995
0,//1986,0,39.5806772,0,11.7720669,//1986
0,//1987,0,39.5806772,0,11.7720669,//1987
0,/06/1988,0,39.5806772,0,11.7720669,/06/1988
0,/10/1978,0,-15.4570234,0,12.2288801,/10/1978
0,/06/1986,0,-15.4570234,0,12.2288801,/06/1986
0,//1987,0,-15.5792776,0,11.8589501,//1987
0,/09/1993,0,72.836039,0,21.1492468,/09/1993
0,/01/1989,0,-83.8895359,0,30.4605433,/01/1989
0,//1944,0,13.1982493,0,32.7402339,//1944
0,26/05/1997,0,47.6361608,3500,-18.8811481,26/05/1997
2300000,/05/2011,0,-81.705423,0,25.9361254,/10/2010
0,//1985,0,-11.4356304,0,14.4502025,//1985
0,//1986,0,178.4355238,0,-18.1192622,//1986
0,//1987,0,21.964498,0,51.416579,//1987
0,/04/1988,0,75.9079333,0,22.7032466,/04/1988
0,/07/2004,0,-7.9759173,0,12.6072705,/04/2004
0,//1985,0,-14.9520274,0,16.6534164,//1985
0,/11/1987,0,-14.9520274,0,16.6534164,/11/1987
0,/06/1988,0,-14.9520274,0,16.6534164,/06/1988
0,/07/2004,0,-97.8825693,0,22.2855659,/07/2004
0,/10/1987,0,-93.9888824,0,36.3382471,/10/1987
0,/11/1988,0,-4.2647943,0,34.205176,/11/1988
0,/07/2004,0,-0.3593142,0,51.5423487,/07/2004
0,//1988,0,32.5594103,0,-25.9597425,//1988
0,/08/2004,0,7.4953976,0,9.0304032,/08/2004
0,/07/1993,0,69.3028394,0,24.6817712,/07/1993
0,/06/2000,0,-78.57311949999999,0,-9.0846229,/06/2000
0,/01/1987,0,-16.722157,0,15.0307012,/01/1987
0,//1988,0,-87.27989199999999,0,30.5536904,//1988
0,/04/1988,0,-73.9427831,0,40.8064942,/04/1988
0,/07/2004,0,-13.2546912,0,15.6621571,/07/2004
0,//1986,0,31.3050458,0,29.9947737,//1986
0,//1988,0,32.5911749,0,15.5541433,//1988
0,15/03/1988,0,10.2114795,0,36.7398243,15/03/1988
0,/07/1988,0,10.1997442,0,36.742285,/07/1988
0,/09/1978,0,105.8084508,0,21.0513827,/09/1978
0,/07/1974,0,35.925352,0,31.9586026,/07/1974
0,16/03/1979,0,-106.2288331,0,31.6977419,16/03/1979
0,//1986,0,28.3888564,0,-15.3851497,//1986
